Data from HR4C45961_13-00-16-856.txt Node
195.373	-87.21
195.645	-76.14
195.916	-63.63
196.187	-54.87
196.459	-51.02
196.73	-46.71
197.002	-33.89
197.273	-21.05
197.544	-9.62
197.816	0.78
198.087	2.06
198.358	3.39
198.63	3.12
198.901	2.27
199.172	0.1
199.444	1.52
199.715	2.58
199.986	3.31
200.257	1.23
200.529	0.57
200.8	-2.85
201.071	-2.11
201.343	1.5
201.614	2.95
201.885	-1.52
202.156	-1.06
202.427	-1.64
202.699	-2.5
202.97	-4.93
203.241	-2.74
203.512	-2.9
203.783	-0.42
204.055	-2.54
204.326	-6.52
204.597	-6.71
204.868	-4.25
205.139	-6.54
205.41	-6.42
205.681	-7.3
205.952	-7.21
206.224	-8.09
206.495	-6.38
206.766	-3.68
207.037	-2.38
207.308	0.3
207.579	0.34
207.85	0.13
208.121	2.69
208.392	4.71
208.663	6.25
208.934	5.15
209.205	4.09
209.476	5.1
209.747	2.71
210.018	5.27
210.289	4.98
210.56	5.73
210.831	8.93
211.102	8.59
211.373	8.6
211.644	7.88
211.915	8.51
212.186	9.57
212.457	7.62
212.728	6.53
212.999	2.83
213.269	1.45
213.54	1.26
213.811	-1.83
214.082	-2.64
214.353	-5.23
214.624	-3.45
214.895	-0.43
215.165	0.49
215.436	3.09
215.707	4.52
215.978	5.18
216.249	4.09
216.52	3.51
216.79	4.59
217.061	6.17
217.332	7.56
217.603	5.17
217.873	2.41
218.144	-0.34
218.415	-2.56
218.686	-6.72
218.956	-7.33
219.227	-7.26
219.498	-6.2
219.768	-8.07
220.039	-11.45
220.31	-12.44
220.58	-9.93
220.851	-9.13
221.122	-8.29
221.392	-7.04
221.663	-3.17
221.934	-1.66
222.204	0.06
222.475	-0.39
222.746	1.62
223.016	5.2
223.287	8.08
223.557	5.59
223.828	4.79
224.098	4.93
224.369	3.58
224.64	6.49
224.91	5.86
225.181	5.2
225.451	4.78
225.722	3.52
225.992	4.74
226.263	4.46
226.533	8.79
226.804	14.21
227.074	14.76
227.345	14.75
227.615	10.57
227.886	12.05
228.156	11.47
228.426	11.41
228.697	13.45
228.967	10.8
229.238	7.81
229.508	3.92
229.779	-0.21
230.049	-1.21
230.319	-0.83
230.59	-1.35
230.86	-3.84
231.13	-2.89
231.401	-2.36
231.671	-4.85
231.941	-2.57
232.212	-0.13
232.482	-1.17
232.752	-1.09
233.023	-1.33
233.293	-3.41
233.563	0.31
233.834	1.92
234.104	-0.65
234.374	1.21
234.644	2.1
234.915	3.07
235.185	0.06
235.455	2.78
235.725	3.54
235.995	3.09
236.266	4.09
236.536	4.41
236.806	3.57
237.076	6.59
237.346	3.96
237.616	6.01
237.887	2.9
238.157	5.73
238.427	1.9
238.697	-1.33
238.967	1.29
239.237	0.96
239.507	-0.88
239.777	-0.91
240.048	-0.29
240.318	-1.62
240.588	-4.14
240.858	-5.3
241.128	-7.47
241.398	-3.55
241.668	-3.83
241.938	-5.25
242.208	-5.64
242.478	-8.43
242.748	-9.26
243.018	-12.22
243.288	-10.72
243.558	-9.26
243.828	-7.69
244.098	-8.52
244.368	-10.48
244.638	-7.13
244.908	-8.17
245.178	-5.92
245.448	-3.54
245.718	-4.13
245.987	-0.64
246.257	0.67
246.527	-1.61
246.797	-1.41
247.067	0.78
247.337	0.1
247.607	2.33
247.877	3.53
248.146	2.63
248.416	3.01
248.686	3.34
248.956	0.18
249.226	-0.17
249.496	-1.49
249.765	-1.88
250.035	-3.7
250.305	-2.85
250.575	-5.13
250.844	-3.41
251.114	-4.43
251.384	-5.17
251.654	-4.27
251.923	-2.73
252.193	-2.36
252.463	1.13
252.732	2.93
253.002	4.21
253.272	4.21
253.542	4.35
253.811	3.69
254.081	4.29
254.351	4.62
254.62	3.7
254.89	5.41
255.159	2.02
255.429	1.16
255.699	0.45
255.968	0.89
256.238	2.08
256.507	1.01
256.777	-1.49
257.047	-2.06
257.316	-0.79
257.586	1.69
257.855	0.72
258.125	2.04
258.394	2.79
258.664	3.73
258.933	2.27
259.203	2.22
259.472	1.99
259.742	4.26
260.011	4.97
260.281	1.56
260.55	1.56
260.82	2.03
261.089	3.38
261.359	4.89
261.628	4.24
261.898	5.23
262.167	3.42
262.436	3.39
262.706	3.71
262.975	2.48
263.245	4.91
263.514	3.53
263.783	1.22
264.053	-1.08
264.322	-1.31
264.591	-0.96
264.861	-0.37
265.13	0.16
265.399	-1.64
265.669	-2.52
265.938	0.15
266.207	0.54
266.477	1.46
266.746	3.25
267.015	4.37
267.284	2.04
267.554	0.33
267.823	0.87
268.092	1.03
268.361	1.74
268.631	0.15
268.9	-3.36
269.169	-4.35
269.438	-4.46
269.707	-5.21
269.977	-4.36
270.246	-5.85
270.515	-6.22
270.784	-5.33
271.053	-4.91
271.322	-4.01
271.591	-4.88
271.861	-2.98
272.13	-3.93
272.399	-5.61
272.668	-7.49
272.937	-9.71
273.206	-7.86
273.475	-6.82
273.744	-8.85
274.013	-8.43
274.282	-6.91
274.551	-5.11
274.82	-7.08
275.089	-6.37
275.358	-5.07
275.627	-2.86
275.896	0.53
276.165	2.96
276.434	2.55
276.703	3.38
276.972	2.1
277.241	1.49
277.51	0.87
277.779	1.39
278.048	-0.16
278.317	-0.41
278.586	0.51
278.855	0.08
279.124	-2.29
279.393	-2.92
279.662	-2.17
279.93	-2.29
280.199	-4.42
280.468	-3.59
280.737	-2.27
281.006	-1.17
281.275	-2.44
281.544	-4.74
281.812	-8.08
282.081	-8.91
282.35	-7.55
282.619	-7.32
282.888	-8.87
283.156	-8.79
283.425	-7.16
283.694	-7.85
283.963	-9.85
284.231	-8.05
284.5	-8.04
284.769	-6.97
285.038	-5.87
285.306	-5.73
285.575	-7.08
285.844	-7.65
286.112	-7.94
286.381	-8.35
286.65	-4.51
286.918	-0.18
287.187	-1.12
287.456	-0.71
287.724	-0.52
287.993	-2.97
288.262	-1.94
288.53	-1.43
288.799	2.8
289.067	2.54
289.336	1.37
289.604	-1.15
289.873	-1.87
290.142	-0.58
290.41	-0.31
290.679	-1.38
290.947	0.85
291.216	-1.15
291.484	-2.2
291.753	-3.69
292.021	-2.85
292.29	-4.14
292.558	-5.43
292.827	-5.71
293.095	-7.72
293.364	-9.39
293.632	-8.34
293.901	-7.08
294.169	-5.09
294.438	-4.22
294.706	-3.66
294.974	-2.81
295.243	-1.43
295.511	-1.62
295.78	-1.96
296.048	-1.19
296.316	-0.4
296.585	0.65
296.853	-2.18
297.121	-5.19
297.39	-8.61
297.658	-10.11
297.926	-9.69
298.195	-8.99
298.463	-7.24
298.731	-9.05
299	-10.43
299.268	-9.71
299.536	-10.41
299.804	-9.61
300.073	-10.3
300.341	-7.76
300.609	-5.77
300.877	-6.24
301.146	-7.22
301.414	-10.03
301.682	-9.59
301.95	-7.96
302.218	-6.84
302.487	-7.22
302.755	-8.18
303.023	-6.54
303.291	-4.26
303.559	-4.47
303.827	-6.36
304.096	-8.99
304.364	-7.37
304.632	-6.65
304.9	-4.59
305.168	-4.96
305.436	-4.74
305.704	-2.9
305.972	-0.85
306.24	-0.63
306.508	-1.57
306.776	0.38
307.045	2.34
307.313	1.31
307.581	0.48
307.849	-2.77
308.117	-5.22
308.385	-4.02
308.653	-2.39
308.921	-5.56
309.189	-7.43
309.457	-7.07
309.724	-7.4
309.992	-4.63
310.26	-4.38
310.528	-5.81
310.796	-7.08
311.064	-6.3
311.332	-5.9
311.6	-6.36
311.868	-6.14
312.136	-6.07
312.404	-4.46
312.672	-5.41
312.939	-6.46
313.207	-5.11
313.475	-2.92
313.743	-0.18
314.011	0.65
314.279	-0.74
314.546	-2.49
314.814	-2.46
315.082	-3.21
315.35	-4.41
315.618	-5.01
315.885	-5.77
316.153	-5.21
316.421	-4.91
316.689	-7.62
316.956	-7.61
317.224	-6.08
317.492	-7.01
317.759	-6.54
318.027	-6.28
318.295	-10.08
318.563	-10.45
318.83	-13.16
319.098	-13.95
319.366	-14.52
319.633	-12.44
319.901	-13.32
320.169	-15.07
320.436	-15.1
320.704	-16.69
320.971	-17.93
321.239	-14.59
321.507	-9.82
321.774	-6.59
322.042	-8.64
322.309	-7.16
322.577	-5.87
322.844	-3.38
323.112	-3.22
323.38	-2.83
323.647	-0.11
323.915	-0.58
324.182	-1.76
324.45	-6.7
324.717	-7.17
324.985	-6.72
325.252	-10.52
325.52	-10.03
325.787	-11.72
326.054	-11.33
326.322	-11.65
326.589	-13.48
326.857	-13.21
327.124	-13.83
327.392	-11.42
327.659	-12.8
327.926	-12.43
328.194	-9.81
328.461	-11.48
328.729	-13.08
328.996	-13.36
329.263	-14.31
329.531	-13.78
329.798	-12.05
330.065	-11.35
330.333	-12.29
330.6	-13.03
330.867	-12.88
331.135	-16.04
331.402	-18.09
331.669	-17.44
331.936	-18.96
332.204	-16.96
332.471	-18.45
332.738	-21.12
333.005	-21.4
333.273	-20.24
333.54	-18.37
333.807	-17.49
334.074	-14.05
334.341	-12.74
334.609	-12.54
334.876	-12.13
335.143	-13.9
335.41	-10.7
335.677	-9
335.944	-9.2
336.212	-8.39
336.479	-8.48
336.746	-8.86
337.013	-10.99
337.28	-12.1
337.547	-12.33
337.814	-13.08
338.081	-12.07
338.348	-12.01
338.616	-11
338.883	-9.83
339.15	-12.23
339.417	-10.74
339.684	-10
339.951	-8.12
340.218	-7.59
340.485	-7.28
340.752	-5.55
341.019	-2.75
341.286	-4.55
341.553	-6.23
341.82	-5.55
342.087	-6.09
342.354	-7.06
342.62	-8
342.887	-6.82
343.154	-5.22
343.421	-4.91
343.688	-6.85
343.955	-10.47
344.222	-10.79
344.489	-10.09
344.756	-11.28
345.023	-10.58
345.289	-11.93
345.556	-11.06
345.823	-14.21
346.09	-12.88
346.357	-13.62
346.624	-11.67
346.89	-11.52
347.157	-11.56
347.424	-10.2
347.691	-11.24
347.958	-12.23
348.224	-12.04
348.491	-12.83
348.758	-11.73
349.025	-14.17
349.291	-13.77
349.558	-13.59
349.825	-13.56
350.091	-12.95
350.358	-15.65
350.625	-15.12
350.891	-15.08
351.158	-16.57
351.425	-15.63
351.691	-15.43
351.958	-15.1
352.225	-13.29
352.491	-15.42
352.758	-13.72
353.025	-14.69
353.291	-13.87
353.558	-10.43
353.824	-10.61
354.091	-9.61
354.358	-9.83
354.624	-7.7
354.891	-7.1
355.157	-9.78
355.424	-7.48
355.69	-8.55
355.957	-7.58
356.223	-6.14
356.49	-8.15
356.756	-6.64
357.023	-5.92
357.289	-7.85
357.556	-8.51
357.822	-9.77
358.089	-8.17
358.355	-7.77
358.622	-7.14
358.888	-9.02
359.154	-9.23
359.421	-9.33
359.687	-9.1
359.954	-10.65
360.22	-9.98
360.486	-12.78
360.753	-8.86
361.019	-9.58
361.286	-11.01
361.552	-12.03
361.818	-10.81
362.085	-11.77
362.351	-11.65
362.617	-12.58
362.884	-11.74
363.15	-9.12
363.416	-6.33
363.682	-10.03
363.949	-9.02
364.215	-9.21
364.481	-9.13
364.747	-8.99
365.014	-7
365.28	-8.12
365.546	-7.56
365.812	-6.11
366.079	-7.76
366.345	-6.99
366.611	-3.82
366.877	-4.51
367.143	-3.38
367.409	-3.2
367.676	-2.07
367.942	-3.7
368.208	-2.77
368.474	-1.99
368.74	-3.58
369.006	-4.47
369.272	-6.88
369.538	-10.14
369.805	-10.42
370.071	-10.87
370.337	-12.02
370.603	-12
370.869	-11.6
371.135	-11.12
371.401	-12.25
371.667	-9.73
371.933	-8.3
372.199	-8.72
372.465	-5.87
372.731	-4.45
372.997	-6.39
373.263	-4.68
373.529	-6.32
373.795	-9.75
374.061	-13.13
374.327	-12.36
374.593	-14.61
374.859	-13.6
375.125	-11.88
375.39	-12.92
375.656	-14.22
375.922	-12.39
376.188	-12.28
376.454	-10.91
376.72	-9.27
376.986	-6.72
377.252	-7.32
377.517	-6.71
377.783	-6.29
378.049	-5.42
378.315	-8.48
378.581	-9.09
378.847	-8.54
379.112	-9.14
379.378	-10.83
379.644	-12
379.91	-13.06
380.175	-14.03
380.441	-14.03
380.707	-15.9
380.973	-14.6
381.238	-11.28
381.504	-10
381.77	-11.98
382.036	-12.76
382.301	-9.82
382.567	-6.31
382.833	-5.82
383.098	-3.49
383.364	-3.26
383.63	-3.58
383.895	-6.99
384.161	-8.96
384.427	-10.6
384.692	-9.51
384.958	-9.89
385.223	-14.05
385.489	-16.6
385.755	-14.29
386.02	-15.4
386.286	-16.85
386.551	-14.97
386.817	-15.39
387.082	-17.28
387.348	-16.31
387.613	-16.05
387.879	-14.84
388.144	-12.49
388.41	-11.18
388.675	-11.11
388.941	-10.61
389.206	-9.41
389.472	-10.83
389.737	-10.62
390.003	-7.65
390.268	-8.06
390.534	-8.72
390.799	-8.39
391.064	-7.29
391.33	-8.75
391.595	-9.72
391.861	-6.77
392.126	-6.87
392.391	-6.2
392.657	-5.42
392.922	-5.97
393.188	-4.38
393.453	-5.38
393.718	-6.78
393.984	-7.78
394.249	-6.65
394.514	-8.74
394.779	-10.02
395.045	-9.84
395.31	-7.71
395.575	-8.16
395.841	-7.05
396.106	-8.8
396.371	-9.23
396.636	-8.56
396.902	-8.08
397.167	-5.04
397.432	-3.73
397.697	-6.31
397.962	-7.5
398.228	-11.14
398.493	-12.03
398.758	-14.91
399.023	-16.07
399.288	-12.15
399.553	-11.19
399.819	-11.64
400.084	-12.73
400.349	-14.07
400.614	-11.79
400.879	-9.47
401.144	-8.16
401.409	-6.81
401.674	-4.58
401.939	-2.18
402.204	-4.86
402.469	-5.1
402.734	-4.01
403	-3.68
403.265	-2.47
403.53	-5.16
403.795	-6.52
404.06	-7.29
404.325	-8.37
404.59	-8.58
404.855	-9.29
405.12	-7.24
405.384	-8.35
405.649	-7.98
405.914	-9.47
406.179	-9.68
406.444	-8.09
406.709	-8.07
406.974	-7.27
407.239	-5.47
407.504	-6.1
407.769	-5.88
408.034	-7.33
408.299	-5.88
408.563	-6.74
408.828	-6.6
409.093	-6.82
409.358	-8.46
409.623	-8.2
409.888	-7.64
410.152	-9.2
410.417	-10.15
410.682	-9.73
410.947	-10.98
411.212	-10.63
411.476	-10.75
411.741	-12.03
412.006	-13.48
412.271	-12.96
412.535	-12.61
412.8	-14.12
413.065	-14.18
413.329	-13.65
413.594	-15.34
413.859	-13.51
414.124	-14.27
414.388	-14.32
414.653	-13.66
414.918	-11.88
415.182	-11.45
415.447	-9.39
415.711	-9.33
415.976	-7.33
416.241	-5.94
416.505	-4.12
416.77	-5.32
417.034	-4.36
417.299	-4.08
417.564	-2
417.828	-1.37
418.093	-1.1
418.357	-0.59
418.622	1.7
418.886	0.26
419.151	-0.52
419.415	-0.72
419.68	1.41
419.944	-0.7
420.209	-1.06
420.473	-3.5
420.738	-2.25
421.002	-1.6
421.267	-4.21
421.531	-6.49
421.796	-3.85
422.06	-3.73
422.325	-3.72
422.589	-6.39
422.853	-3.97
423.118	-3.62
423.382	-2.79
423.646	-3.43
423.911	-4.1
424.175	-3.81
424.44	-3.69
424.704	-6.88
424.968	-6.83
425.233	-6.8
425.497	-4.64
425.761	-4.42
426.026	-5.65
426.29	-6.56
426.554	-7.2
426.818	-7.9
427.083	-7.91
427.347	-7.72
427.611	-6.45
427.875	-6.32
428.14	-5.88
428.404	-6.06
428.668	-6.34
428.932	-6.55
429.197	-4.46
429.461	-4.82
429.725	-3.38
429.989	-0.52
430.253	3.51
430.517	3.35
430.782	4.79
431.046	8.47
431.31	12.75
431.574	12.75
431.838	16.76
432.102	17.75
432.366	21.15
432.63	23.28
432.894	22.07
433.159	20.5
433.423	23.19
433.687	24.49
433.951	22.55
434.215	21.37
434.479	25.02
434.743	24.64
435.007	23.82
435.271	24.65
435.535	26.08
435.799	28.44
436.063	31.02
436.327	32.2
436.591	34.1
436.855	35.47
437.119	36.43
437.383	37.74
437.646	39.31
437.91	40.76
438.174	39.41
438.438	39.87
438.702	41.18
438.966	40.53
439.23	41.5
439.494	39.07
439.758	37.18
440.021	34.53
440.285	31.82
440.549	31.21
440.813	30.58
441.077	29.76
441.341	27.17
441.604	21.51
441.868	18.22
442.132	14.67
442.396	13.79
442.66	14.61
442.923	15.15
443.187	14.2
443.451	14.19
443.715	12.48
443.978	13.09
444.242	12.15
444.506	15.37
444.769	17.86
445.033	19.04
445.297	21.54
445.56	24.41
445.824	25.23
446.088	27.31
446.351	27.42
446.615	29.46
446.879	29.39
447.142	30.65
447.406	29.47
447.669	29.05
447.933	27.4
448.197	26.57
448.46	24.28
448.724	23.79
448.987	22.83
449.251	22.66
449.515	23.02
449.778	24
450.042	23.74
450.305	24.07
450.569	25.32
450.832	27.62
451.096	27.35
451.359	26.34
451.623	28.13
451.886	28.94
452.15	30.16
452.413	31.27
452.676	31.49
452.94	33.94
453.203	34.83
453.467	34.02
453.73	34.23
453.994	35
454.257	35.25
454.52	34
454.784	31.48
455.047	31.34
455.31	30.74
455.574	29.34
455.837	28.31
456.1	29.25
456.364	28.09
456.627	27.37
456.89	25.73
457.154	26.18
457.417	23.58
457.68	23.17
457.944	21.08
458.207	18.74
458.47	19.24
458.733	19.02
458.997	15.62
459.26	14.56
459.523	12.83
459.786	12.97
460.049	13.06
460.313	15.41
460.576	16.44
460.839	15.65
461.102	17.12
461.365	16.71
461.628	17.55
461.892	20.43
462.155	21.54
462.418	23.32
462.681	22.53
462.944	22.28
463.207	22.23
463.47	21.05
463.733	21.03
463.996	21.39
464.26	21
464.523	16.64
464.786	14.92
465.049	13.17
465.312	13.3
465.575	14.98
465.838	13.47
466.101	12.39
466.364	13.62
466.627	14.01
466.89	11.94
467.153	10.61
467.416	14.05
467.679	14.77
467.942	14.92
468.205	13.75
468.467	10.9
468.73	10.67
468.993	10.35
469.256	8.41
469.519	7.87
469.782	6.92
470.045	6.52
470.308	4.5
470.571	2.18
470.834	4.13
471.096	3.57
471.359	4.26
471.622	3.43
471.885	2.13
472.148	3.77
472.41	1.51
472.673	3.43
472.936	4.5
473.199	4.58
473.462	5.54
473.724	3.33
473.987	5.47
474.25	7.45
474.513	10.51
474.775	10.74
475.038	9.04
475.301	11.99
475.563	11.14
475.826	12.66
476.089	12.38
476.352	11.59
476.614	12.09
476.877	10.39
477.139	12.18
477.402	9.27
477.665	9.41
477.927	9.71
478.19	9.46
478.453	10.65
478.715	11.86
478.978	14.52
479.24	17.31
479.503	20.4
479.766	24.2
480.028	23.83
480.291	24.94
480.553	27.39
480.816	28.82
481.078	29.95
481.341	29.79
481.603	29.7
481.866	29.29
482.128	27.93
482.391	26.49
482.653	25.01
482.916	25.04
483.178	28.72
483.441	29.85
483.703	33.16
483.965	36.6
484.228	38.63
484.49	43.34
484.753	46.84
485.015	51.66
485.277	55.02
485.54	58.41
485.802	60.65
486.065	64.56
486.327	68.36
486.589	72.86
486.852	77.53
487.114	80.83
487.376	80.68
487.638	81.8
487.901	85.95
488.163	87.48
488.425	89.01
488.688	91.66
488.95	93.53
489.212	97.66
489.474	96.94
489.737	96.37
489.999	95.49
490.261	94.03
490.523	94.24
490.786	91.39
491.048	93.45
491.31	92.1
491.572	88.62
491.834	84.75
492.096	81.73
492.359	82.44
492.621	78.4
492.883	79.77
493.145	78.94
493.407	79.74
493.669	77.65
493.931	73.47
494.193	73.67
494.455	75.25
494.718	75.07
494.98	72.22
495.242	68.46
495.504	67.66
495.766	65.24
496.028	63.94
496.29	60.02
496.552	57.18
496.814	57.16
497.076	54.7
497.338	54.25
497.6	52.11
497.862	52.36
498.124	48.97
498.386	47.62
498.648	45.49
498.91	42.76
499.172	39.95
499.433	39.91
499.695	36.34
499.957	35
500.219	32.7
500.481	30.03
500.743	28.09
501.005	28.44
501.267	26.37
501.529	28.12
501.79	29.07
502.052	30.3
502.314	29.22
502.576	28.06
502.838	25.68
503.099	22.91
503.361	24.52
503.623	21.83
503.885	18.55
504.147	18.16
504.408	15.16
504.67	13.53
504.932	10.69
505.194	8.79
505.455	9.49
505.717	9.1
505.979	10.06
506.24	8.32
506.502	6.68
506.764	8.54
507.025	7.89
507.287	6.25
507.549	6.96
507.81	8.34
508.072	8.99
508.334	10.22
508.595	9.36
508.857	6.65
509.119	5.71
509.38	6.78
509.642	7.68
509.903	9.64
510.165	10.68
510.426	10.74
510.688	10.91
510.949	10.79
511.211	6.54
511.473	6.67
511.734	7.11
511.996	9.34
512.257	9.14
512.519	9.43
512.78	7.3
513.042	8.15
513.303	6.52
513.564	4.8
513.826	6.31
514.087	10.66
514.349	11.72
514.61	11.67
514.872	12.6
515.133	13.91
515.394	14
515.656	14.55
515.917	13.24
516.179	13.46
516.44	13.77
516.701	13.4
516.963	11.21
517.224	11.86
517.485	14.17
517.747	12.57
518.008	10.6
518.269	8.93
518.53	10.19
518.792	10.95
519.053	13.72
519.314	14.69
519.576	16.39
519.837	17.09
520.098	17.95
520.359	16.55
520.62	15.96
520.882	17.2
521.143	16.65
521.404	13.73
521.665	12.94
521.926	10.76
522.188	12.2
522.449	9.34
522.71	10.33
522.971	9.1
523.232	10.16
523.493	13.02
523.755	13.8
524.016	15.41
524.277	15.91
524.538	14.94
524.799	12.88
525.06	9.1
525.321	9.57
525.582	10.67
525.843	10.49
526.104	10.13
526.365	5.84
526.626	5.99
526.887	5.61
527.148	5.95
527.409	7.47
527.67	9.94
527.931	11.12
528.192	10.66
528.453	8.71
528.714	9.93
528.975	11.55
529.236	14.25
529.497	14.14
529.758	13.95
530.019	12.75
530.28	13.69
530.541	13.89
530.801	15.44
531.062	18.95
531.323	21.09
531.584	22.84
531.845	23.36
532.106	22.91
532.367	24.08
532.627	25.98
532.888	30.31
533.149	33.04
533.41	33.56
533.671	34.52
533.931	36.28
534.192	37.08
534.453	36.02
534.714	37.71
534.974	42.37
535.235	45.7
535.496	49.31
535.757	52.12
536.017	54.37
536.278	64.36
536.539	70.84
536.799	76.27
537.06	82.98
537.321	93.69
537.581	103.64
537.842	112.11
538.103	123.2
538.363	134.24
538.624	149.81
538.885	163.89
539.145	172.26
539.406	187.89
539.666	203.69
539.927	221.1
540.188	237.92
540.448	254.04
540.709	272.49
540.969	290.07
541.23	309.19
541.49	325.2
541.751	344.98
542.011	364.92
542.272	381.5
542.532	398.66
542.793	415.36
543.053	431.62
543.314	447.12
543.574	461.25
543.835	473.79
544.095	483.64
544.356	492.44
544.616	500.42
544.876	509.09
545.137	515.72
545.397	519.56
545.658	521.81
545.918	521.14
546.178	520.34
546.439	515.95
546.699	510.63
546.959	505.16
547.22	500.39
547.48	490.67
547.74	476.79
548.001	463.45
548.261	447.74
548.521	432.42
548.782	418.48
549.042	399
549.302	380.62
549.562	361.57
549.823	342.22
550.083	319.76
550.343	298.72
550.603	282.78
550.864	264.43
551.124	246.74
551.384	231.88
551.644	214.4
551.904	203.07
552.165	192.84
552.425	182.28
552.685	170.35
552.945	161.28
553.205	153.46
553.465	143.28
553.725	135.89
553.986	130.89
554.246	122.83
554.506	112.89
554.766	102.77
555.026	94.97
555.286	88.85
555.546	83.99
555.806	78.26
556.066	72.87
556.326	70.62
556.586	67.78
556.846	65.24
557.106	61.38
557.366	59.16
557.626	57.07
557.886	53.18
558.146	49.49
558.406	47.21
558.666	42.62
558.926	38.66
559.186	31.94
559.446	28.63
559.706	20.97
559.966	17.78
560.226	16.28
560.486	14.94
560.746	13.86
561.005	13.49
561.265	12.88
561.525	13.96
561.785	14.63
562.045	14.7
562.305	14.4
562.564	19.06
562.824	20.91
563.084	22.28
563.344	24.83
563.604	25.32
563.863	23.46
564.123	25.61
564.383	27.09
564.643	27.27
564.903	29.17
565.162	27.39
565.422	24.98
565.682	24.33
565.941	23.61
566.201	22.22
566.461	22.87
566.721	22.87
566.98	22.15
567.24	20.25
567.5	19.22
567.759	18.04
568.019	18.42
568.278	18.26
568.538	17.53
568.798	18.69
569.057	17.71
569.317	15.58
569.577	16.53
569.836	16.53
570.096	19.93
570.355	21.53
570.615	23.36
570.874	23.83
571.134	23.15
571.393	23.91
571.653	22.6
571.912	23.89
572.172	23.99
572.431	23.88
572.691	23.4
572.95	22.29
573.21	24.73
573.469	27.74
573.729	30.91
573.988	32.36
574.248	32.36
574.507	34.1
574.767	35.26
575.026	39.89
575.285	43.92
575.545	46.23
575.804	47.61
576.063	48.75
576.323	48.28
576.582	49.37
576.842	54.37
577.101	58.08
577.36	60.83
577.62	63.59
577.879	66.33
578.138	70.56
578.397	73.83
578.657	76.93
578.916	79.82
579.175	82.97
579.435	85.2
579.694	87.44
579.953	90.29
580.212	93.46
580.471	99.11
580.731	102.56
580.99	103.44
581.249	106.84
581.508	108.95
581.767	110.06
582.027	113.56
582.286	118.24
582.545	121.79
582.804	123.77
583.063	128.06
583.322	128.01
583.581	130.03
583.841	131.83
584.1	133.14
584.359	136.7
584.618	141.25
584.877	141.89
585.136	141.2
585.395	140.58
585.654	143.06
585.913	141.91
586.172	144.14
586.431	144.2
586.69	143.73
586.949	144.13
587.208	143.64
587.467	141.09
587.726	142.98
587.985	145.13
588.244	148.56
588.503	146.11
588.762	148.01
589.021	146.66
589.28	147.24
589.539	147.11
589.798	147.4
590.057	144.03
590.316	144.18
590.574	140.29
590.833	136.46
591.092	131.68
591.351	129.94
591.61	124.15
591.869	120.6
592.128	115.86
592.386	112.76
592.645	107.06
592.904	106.74
593.163	101.25
593.422	98.25
593.68	94.66
593.939	89.17
594.198	86.17
594.457	85.45
594.715	81.9
594.974	78.2
595.233	76.69
595.492	73.45
595.75	69.89
596.009	69.25
596.268	65.99
596.526	63.18
596.785	61.77
597.044	58.46
597.302	56.03
597.561	54.09
597.82	52.25
598.078	48.73
598.337	48.08
598.595	47.64
598.854	45.04
599.113	45.57
599.371	47.34
599.63	49.22
599.888	51.36
600.147	51.65
600.405	51.28
600.664	51.41
600.923	50.99
601.181	49.29
601.44	48.92
601.698	50.32
601.957	49.8
602.215	52.6
602.474	50.55
602.732	49.55
602.99	45.46
603.249	46.48
603.507	46.51
603.766	49.96
604.024	53.22
604.283	53.64
604.541	54.94
604.799	59.17
605.058	59.94
605.316	66.24
605.575	73.23
605.833	82.94
606.091	91.26
606.35	100.3
606.608	109.93
606.866	122.6
607.125	134.11
607.383	145.38
607.641	155.71
607.9	166.94
608.158	178.72
608.416	187.65
608.674	199.39
608.933	210.06
609.191	220.74
609.449	229.03
609.707	239.79
609.966	252.85
610.224	266.75
610.482	278.98
610.74	290.5
610.998	303.17
611.257	318.36
611.515	331.19
611.773	345.64
612.031	357.79
612.289	369.26
612.547	378.82
612.806	389.65
613.064	395.43
613.322	399.35
613.58	404.57
613.838	403.19
614.096	401.59
614.354	398.06
614.612	391.74
614.87	384.69
615.128	376.21
615.386	363.99
615.644	348.19
615.902	334.34
616.16	320.63
616.418	301.24
616.676	284.51
616.934	265.76
617.192	247.76
617.45	230.51
617.708	214.9
617.966	200.45
618.224	186.93
618.482	175.13
618.74	162.58
618.998	152.95
619.256	146.36
619.514	141.02
619.772	138.32
620.03	136.72
620.287	131.79
620.545	128.3
620.803	126.48
621.061	123.14
621.319	122.08
621.577	120.2
621.834	117.86
622.092	117.8
622.35	115.49
622.608	111.63
622.866	107.21
623.123	107.18
623.381	108.5
623.639	104.02
623.897	101.2
624.154	96.88
624.412	96.38
624.67	95.75
624.928	91.41
625.185	90.83
625.443	89.31
625.701	89.95
625.958	87
626.216	80.74
626.474	82.06
626.731	82.52
626.989	81.39
627.247	80.52
627.504	79
627.762	77.02
628.02	75.11
628.277	74.17
628.535	71.1
628.792	70.97
629.05	72.17
629.307	72.25
629.565	70.26
629.823	71.28
630.08	67.75
630.338	64.42
630.595	64.48
630.853	64.22
631.11	64.88
631.368	64.05
631.625	62.91
631.883	63.51
632.14	60.69
632.397	58.79
632.655	57.68
632.912	58.6
633.17	58.94
633.427	58.84
633.685	57.14
633.942	55.25
634.199	53.87
634.457	52.91
634.714	47.53
634.972	44.64
635.229	43.6
635.486	38.66
635.744	34.4
636.001	31.46
636.258	27.28
636.516	24.43
636.773	21.93
637.03	20.97
637.288	18.36
637.545	20.19
637.802	20.19
638.059	18.55
638.317	17.41
638.574	17.28
638.831	18.44
639.088	20.09
639.346	18.85
639.603	17.28
639.86	14.73
640.117	11.51
640.374	10.4
640.631	9.21
640.889	8.1
641.146	9.13
641.403	9.62
641.66	7.93
641.917	6.27
642.174	7.32
642.431	6.54
642.689	8.74
642.946	12.23
643.203	8.55
643.46	7.7
643.717	8.47
643.974	8.63
644.231	7.56
644.488	5.34
644.745	4.49
645.002	4.89
645.259	6.63
645.516	4.77
645.773	4.12
646.03	7.07
646.287	7.74
646.544	11.02
646.801	14.36
647.058	16.4
647.315	18.77
647.572	18.5
647.829	15.35
648.086	14.1
648.343	15.41
648.6	14.44
648.856	13.41
649.113	14.56
649.37	10.92
649.627	6.61
649.884	4.25
650.141	3.42
650.398	4.21
650.654	5.51
650.911	8.32
651.168	7.54
651.425	9.2
651.682	10.72
651.938	11.35
652.195	12.27
652.452	14.27
652.709	17.66
652.965	20.24
653.222	21.46
653.479	23.7
653.736	20.99
653.992	22.12
654.249	20.04
654.506	16.73
654.762	12.62
655.019	12.51
655.276	10.52
655.532	9.14
655.789	8.76
656.046	10.05
656.302	9.28
656.559	8.98
656.816	8.49
657.072	10.94
657.329	14.41
657.585	18.38
657.842	18.66
658.099	18.07
658.355	16.56
658.612	15.59
658.868	12.05
659.125	12.34
659.381	11.48
659.638	10.04
659.894	6.89
660.151	4.25
660.407	3.14
660.664	3
660.92	2.77
661.177	1.83
661.433	-0.85
661.69	2.1
661.946	3.25
662.203	3.68
662.459	3.96
662.715	5.57
662.972	7.52
663.228	5.65
663.485	5.64
663.741	6.39
663.997	11.34
664.254	12.46
664.51	9.33
664.766	7.76
665.023	9.37
665.279	7.61
665.535	5.3
665.792	5.15
666.048	5.99
666.304	6.26
666.56	8.34
666.817	4.29
667.073	3.91
667.329	4.83
667.586	6.58
667.842	6.06
668.098	9.1
668.354	12.64
668.61	12.41
668.867	11.12
669.123	10.45
669.379	9.69
669.635	11.3
669.891	12.04
670.147	13.1
670.404	9.84
670.66	10.21
670.916	9.51
671.172	6.91
671.428	4.59
671.684	6.23
671.94	5.12
672.196	1.84
672.452	-0.46
672.708	1.37
672.965	2.35
673.221	3.61
673.477	0.76
673.733	-1.44
673.989	-1.19
674.245	-0.9
674.501	-0.24
674.757	-1.42
675.013	0.02
675.269	0.38
675.525	-1
675.781	-5.24
676.037	-6.99
676.292	-5.03
676.548	-3.76
676.804	-5.03
677.06	-5.41
677.316	-7.61
677.572	-7.69
677.828	-7.36
678.084	-6.9
678.34	-8.42
678.596	-5.58
678.851	-6.67
679.107	-7.29
679.363	-5.78
679.619	-3.28
679.875	-3.84
680.131	-3.48
680.386	-3.49
680.642	-4.37
680.898	-4.27
681.154	-3.73
681.409	-5.27
681.665	-6.27
681.921	-7.82
682.177	-8.84
682.432	-10.49
682.688	-8.06
682.944	-8.96
683.199	-8.1
683.455	-8.82
683.711	-8.54
683.967	-6.79
684.222	-8.07
684.478	-6.99
684.734	-5.5
684.989	-6.35
685.245	-4.89
685.5	-6.85
685.756	-3.24
686.012	-2.43
686.267	-1.81
686.523	-2.37
686.778	-5.58
687.034	-2.54
687.289	0.05
687.545	1.06
687.801	0.54
688.056	-1.15
688.312	1.26
688.567	-1.72
688.823	-2.13
689.078	-3.1
689.334	-2.1
689.589	0.98
689.845	-0.49
690.1	-1.4
690.355	-3.43
690.611	-2.67
690.866	-2.84
691.122	-4.97
691.377	-5.64
691.633	-4.9
691.888	-2.82
692.143	-5.32
692.399	-8.25
692.654	-7.98
692.909	-6.55
693.165	-6.44
693.42	-7.97
693.675	-8.74
693.931	-6.54
694.186	-6.18
694.441	-10.07
694.697	-12.71
694.952	-12.42
695.207	-12.59
695.463	-15.33
695.718	-17.68
695.973	-14.85
696.228	-11.25
696.484	-10.8
696.739	-8.81
696.994	-5.99
697.249	-3.66
697.504	-2.39
697.76	-3.54
698.015	-2.29
698.27	0.29
698.525	-1.77
698.78	-6.24
699.035	-9.3
699.291	-8.14
699.546	-12.14
699.801	-13.56
700.056	-13.86
700.311	-15.07
700.566	-12.7
700.821	-12.54
701.076	-14.78
701.331	-11
701.586	-7.31
701.841	-6.05
702.096	-3.57
702.351	-4.54
702.606	-5.3
702.862	-3.94
703.117	-0.89
703.372	-1.94
703.626	-2.62
703.881	0.97
704.136	2.53
704.391	2.49
704.646	3.68
704.901	2.67
705.156	5.76
705.411	6.68
705.666	6.85
705.921	7.18
706.176	11.65
706.431	14.43
706.686	15.48
706.94	15.25
707.195	15.42
707.45	15.39
707.705	15.36
707.96	16.12
708.215	17.03
708.469	19.58
708.724	18.61
708.979	16.9
709.234	18.78
709.489	18.12
709.743	18.46
709.998	20.29
710.253	20.41
710.508	20.16
710.762	19.56
711.017	19.23
711.272	17.96
711.527	19.85
711.781	21.48
712.036	20.52
712.291	21.28
712.545	19.8
712.8	16.3
713.055	15.1
713.309	11.94
713.564	9.54
713.818	8.74
714.073	8.7
714.328	5.49
714.582	1.52
714.837	0.12
715.091	-2.84
715.346	-2.54
715.601	-2.11
715.855	-2.26
716.11	0.88
716.364	1.26
716.619	-0.14
716.873	-2.06
717.128	-1.49
717.382	-1.64
717.637	-3.61
717.891	-5.88
718.146	-9.96
718.4	-11.35
718.655	-13.09
718.909	-17.2
719.164	-18.24
719.418	-17.55
719.672	-17.06
719.927	-17.23
720.181	-18.4
720.436	-19.41
720.69	-17.86
720.944	-16.29
721.199	-17.79
721.453	-17.43
721.707	-16.34
721.962	-17.1
722.216	-19.73
722.47	-18.68
722.725	-19.62
722.979	-19.19
723.233	-19.11
723.488	-18.91
723.742	-18.4
723.996	-17.66
724.25	-18.23
724.505	-13.16
724.759	-11.49
725.013	-9.72
725.267	-13.41
725.522	-13.43
725.776	-13.29
726.03	-11.94
726.284	-10.84
726.538	-11.21
726.792	-10.69
727.047	-9.86
727.301	-14.96
727.555	-13.53
727.809	-14.19
728.063	-12.95
728.317	-11.4
728.571	-10.49
728.825	-11.24
729.08	-12.16
729.334	-11.38
729.588	-11.45
729.842	-10.95
730.096	-12.43
730.35	-15.62
730.604	-16.62
730.858	-17.1
731.112	-19.21
731.366	-21.16
731.62	-21.37
731.874	-20.46
732.128	-21.16
732.382	-19.01
732.636	-17.36
732.89	-12.56
733.144	-12.28
733.398	-10.89
733.652	-11.89
733.905	-11.48
734.159	-11.74
734.413	-11.16
734.667	-11.6
734.921	-10.16
735.175	-12.19
735.429	-16.67
735.683	-19.06
735.936	-18.69
736.19	-19.88
736.444	-17.45
736.698	-17.56
736.952	-15.87
737.205	-15.89
737.459	-15.73
737.713	-16.11
737.967	-16.26
738.221	-13.48
738.474	-15.52
738.728	-17.78
738.982	-16.7
739.236	-17.55
739.489	-17.57
739.743	-16.59
739.997	-17.42
740.25	-20.04
740.504	-22.64
740.758	-21.54
741.011	-20.81
741.265	-19.06
741.519	-14.96
741.772	-14.37
742.026	-14.05
742.28	-11.87
742.533	-13.23
742.787	-13.88
743.04	-11.99
743.294	-11.42
743.547	-12
743.801	-12.69
744.055	-14.75
744.308	-18.03
744.562	-17.46
744.815	-15.77
745.069	-18.13
745.322	-19.92
745.576	-20.64
745.829	-20.73
746.083	-19.66
746.336	-19.28
746.59	-20.76
746.843	-17.94
747.097	-15.59
747.35	-16.33
747.603	-20.02
747.857	-20.77
748.11	-18.3
748.364	-17.6
748.617	-17.36
748.87	-18.9
749.124	-20.52
749.377	-21.49
749.63	-22.47
749.884	-22.44
750.137	-22.29
750.39	-21.9
750.644	-21.24
750.897	-22.9
751.15	-21.37
751.404	-21.74
751.657	-21.75
751.91	-20.14
752.164	-18.4
752.417	-17.93
752.67	-18.6
752.923	-17.34
753.176	-16.09
753.43	-16.48
753.683	-15.2
753.936	-15.34
754.189	-14.25
754.442	-11.41
754.696	-12.19
754.949	-12.84
755.202	-13.95
755.455	-14.41
755.708	-16.07
755.961	-15.16
756.214	-14.74
756.468	-14.48
756.721	-14.9
756.974	-14.62
757.227	-16.97
757.48	-16.94
757.733	-16.33
757.986	-16.31
758.239	-16.83
758.492	-16.96
758.745	-16.93
758.998	-15.85
759.251	-15.44
759.504	-15.98
759.757	-18.03
760.01	-15.91
760.263	-15.75
760.516	-15.68
760.769	-14.28
761.022	-13.86
761.275	-15.1
761.528	-15.56
761.781	-13.92
762.034	-12.63
762.287	-11.65
762.54	-10.49
762.792	-10.4
763.045	-8.23
763.298	-6.67
763.551	-6.85
763.804	-5.18
764.057	-2.18
764.31	-2.06
764.562	-4.32
764.815	-4.6
765.068	-5.67
765.321	-7.9
765.574	-8.9
765.826	-11.13
766.079	-12.17
766.332	-11.09
766.585	-11.31
766.837	-12.7
767.09	-10.83
767.343	-11.17
767.595	-13.03
767.848	-12.67
768.101	-10.64
768.354	-11.7
768.606	-11.13
768.859	-12.5
769.112	-13.94
769.364	-14.03
769.617	-16.13
769.869	-18.8
770.122	-18.9
770.375	-19.96
770.627	-20.87
770.88	-21.73
771.132	-19.38
771.385	-19.61
771.638	-20.58
771.89	-21.69
772.143	-23.89
772.395	-22.37
772.648	-21.9
772.9	-20.64
773.153	-18.01
773.405	-16.88
773.658	-16.06
773.91	-17.19
774.163	-16.48
774.415	-14.15
774.668	-12.56
774.92	-9.53
775.173	-9.2
775.425	-9.8
775.677	-9.23
775.93	-9.03
776.182	-7.64
776.435	-7.39
776.687	-7.45
776.939	-8.83
777.192	-8.88
777.444	-10
777.696	-10.63
777.949	-10.29
778.201	-10.61
778.453	-12.16
778.706	-14.02
778.958	-15.79
779.21	-15.87
779.463	-16.76
779.715	-16.29
779.967	-17.2
780.219	-16.55
780.472	-19.75
780.724	-21.92
780.976	-19.93
781.228	-18.59
781.481	-19.72
781.733	-20.24
781.985	-19.56
782.237	-18.95
782.489	-19.38
782.741	-18.4
782.994	-18.68
783.246	-14.87
783.498	-12.12
783.75	-13.1
784.002	-14.78
784.254	-14.22
784.506	-13.39
784.758	-13.54
785.011	-12.43
785.263	-11.91
785.515	-12.79
785.767	-12.12
786.019	-15.64
786.271	-16.48
786.523	-16.16
786.775	-15.35
787.027	-12.71
787.279	-13.73
787.531	-14.21
787.783	-14.1
788.035	-15.61
788.287	-14.87
788.539	-13.39
788.791	-10.82
789.043	-10.26
789.295	-11.74
789.546	-10.27
789.798	-10.91
790.05	-7.06
790.302	-7.29
790.554	-7.46
790.806	-5.83
791.058	-5.81
791.31	-7.27
791.561	-6.88
791.813	-8.82
792.065	-7.12
792.317	-9.24
792.569	-10.5
792.821	-12.77
793.072	-11.83
793.324	-12.35
793.576	-10.8
793.828	-9.15
794.079	-8.95
794.331	-9.2
794.583	-6.66
794.835	-6.8
795.086	-4.89
795.338	-3.79
795.59	-2.35
795.841	-3.07
796.093	-2.4
796.345	-4.59
796.596	-7.16
796.848	-6.95
797.1	-6.73
797.351	-8.03
797.603	-9.26
797.855	-9.62
798.106	-10.23
798.358	-10.66
798.609	-9.75
798.861	-11.02
799.113	-11.27
799.364	-10.19
799.616	-12.59
799.867	-13.65
800.119	-8.74
800.37	-6.2
800.622	-6.52
800.873	-7.72
801.125	-9.78
801.376	-10.35
801.628	-6.87
801.879	-6.37
802.131	-6.49
802.382	-3.41
802.634	-2.75
802.885	-8.12
803.137	-8.89
803.388	-7.37
803.639	-6.69
803.891	-6.13
804.142	-5.45
804.394	-7.28
804.645	-5.7
804.896	-7.89
805.148	-8.99
805.399	-8.41
805.65	-8.02
805.902	-8.37
806.153	-9.9
806.404	-9.15
806.656	-8.23
806.907	-9.98
807.158	-7.66
807.409	-7.99
807.661	-5.58
807.912	-5.64
808.163	-4.99
808.414	-5.24
808.666	-5.67
808.917	-6.52
809.168	-8.6
809.419	-8.36
809.67	-5.47
809.922	-9
810.173	-8.78
810.424	-9.67
810.675	-9.59
810.926	-10
811.177	-8.48
811.428	-7.92
811.68	-6.65
811.931	-5.6
812.182	-6.85
812.433	-8.62
812.684	-9.05
812.935	-9
813.186	-8.07
813.437	-8.38
813.688	-9.12
813.939	-11.16
814.19	-11.68
814.441	-10.64
814.692	-8.69
814.943	-8.09
815.194	-7.96
815.445	-8.08
815.696	-8.95
815.947	-7.33
816.198	-2.92
816.449	-3.23
816.7	1.71
816.951	0.32
817.202	1.97
817.453	1.69
817.704	1.26
817.954	1.87
818.205	4.48
818.456	4.91
818.707	6.61
818.958	3.19
819.209	3.79
819.46	0.72
819.71	4.61
819.961	2.08
820.212	0.55
820.463	1.09
820.714	-0.47
820.964	-2.31
821.215	-1.56
821.466	-6.03
821.717	-6.72
821.967	-5.45
822.218	-4.37
822.469	-5.69
822.72	-6.04
822.97	-4.74
823.221	-4.06
823.472	-1.08
823.722	-0.92
823.973	-1.55
824.224	-0.1
824.474	1.72
824.725	1.75
824.975	0.29
825.226	0.8
825.477	3.62
825.727	4.93
825.978	4.38
826.229	3.67
826.479	3.25
826.73	3.74
826.98	3.33
827.231	2.25
827.481	1.64
827.732	1.59
827.982	-0.78
828.233	-3.99
828.483	-6.71
828.734	-6.75
828.984	-7.06
829.235	-7.1
829.485	-4.37
829.736	-2.65
829.986	-3.3
830.237	-4.42
830.487	-2.52
830.737	-0.93
830.988	0.27
831.238	2.13
831.489	5.75
831.739	4.93
831.989	7.38
832.24	4.78
832.49	6.33
832.74	9.32
832.991	12.13
833.241	11.91
833.491	11.02
833.742	11.32
833.992	12.09
834.242	10.43
834.493	10.36
834.743	9.72
834.993	7.64
835.243	6.85
835.494	4.77
835.744	4.05
835.994	5.3
836.244	7.27
836.494	7.11
836.745	6.61
836.995	6.37
837.245	9.02
837.495	8.66
837.745	9.8
837.996	10.54
838.246	9.53
838.496	10.49
838.746	9.19
838.996	8.15
839.246	10
839.496	10.79
839.746	9.78
839.996	9.28
840.246	9.15
840.497	11.78
840.747	11.44
840.997	13.88
841.247	13.49
841.497	14.11
841.747	17.19
841.997	18.31
842.247	18.04
842.497	21.68
842.747	23
842.997	23.44
843.247	24.09
843.496	24.9
843.746	25.79
843.996	26.37
844.246	26.49
844.496	25.42
844.746	24.17
844.996	23.95
845.246	19.71
845.496	18.56
845.746	19.44
845.995	20.07
846.245	18.68
846.495	19.37
846.745	19.52
846.995	20.81
847.245	23.14
847.494	23.89
847.744	25.38
847.994	29.89
848.244	32.06
848.493	31.93
848.743	29.84
848.993	30.58
849.243	30.21
849.492	31.94
849.742	32.82
849.992	31.08
850.242	31.98
850.491	34.77
850.741	32.16
850.991	31.01
851.24	32.17
851.49	33.79
851.74	33.93
851.989	34.54
852.239	36.65
852.488	36.79
852.738	37.56
852.988	40.29
853.237	39.9
853.487	42.01
853.736	45.16
853.986	47.15
854.235	48.08
854.485	49.36
854.735	50.7
854.984	49.52
855.234	49.62
855.483	50.24
855.733	48.25
855.982	48.74
856.232	49.95
856.481	47.85
856.73	46.61
856.98	47.93
857.229	50.1
857.479	49.74
857.728	49.71
857.978	50.67
858.227	51.55
858.476	53.11
858.726	55.07
858.975	57.69
859.225	57.68
859.474	59.42
859.723	61.34
859.973	60.65
860.222	62.81
860.471	63.58
860.721	65.48
860.97	68.12
861.219	67.69
861.468	67.93
861.718	66.81
861.967	68.16
862.216	70.51
862.465	69.86
862.715	72.84
862.964	72.09
863.213	75.55
863.462	76.77
863.712	75.85
863.961	78.18
864.21	77.23
864.459	78.88
864.708	83.05
864.957	81.46
865.207	85.15
865.456	84.72
865.705	87.64
865.954	86.89
866.203	85.7
866.452	86.37
866.701	86.84
866.95	88.34
867.199	87.66
867.448	87.23
867.698	90.17
867.947	89.2
868.196	90.4
868.445	92.43
868.694	95.61
868.943	98.63
869.192	101.35
869.441	102.68
869.69	104.2
869.939	107.41
870.188	107.36
870.436	108.82
870.685	110.58
870.934	111.45
871.183	113.89
871.432	113.31
871.681	114.54
871.93	115.78
872.179	116.27
872.428	116.8
872.677	118.55
872.925	122.87
873.174	125.29
873.423	130.39
873.672	134.25
873.921	134.41
874.17	139.15
874.418	141.57
874.667	143.91
874.916	148.09
875.165	153.87
875.413	157.38
875.662	159.32
875.911	162.56
876.16	164.21
876.408	170.85
876.657	174.96
876.906	178.16
877.155	182.7
877.403	188.17
877.652	195.7
877.901	202.37
878.149	210.21
878.398	218.09
878.647	225.39
878.895	233.23
879.144	238.28
879.392	247.35
879.641	256.18
879.89	265.16
880.138	276.28
880.387	282.55
880.635	289.9
880.884	298.63
881.132	310.05
881.381	322.14
881.63	332.12
881.878	342.14
882.127	353.54
882.375	363.44
882.624	377.1
882.872	387.82
883.121	400.79
883.369	414.78
883.617	429.22
883.866	441.74
884.114	454.16
884.363	468.07
884.611	485.21
884.86	499.03
885.108	515.82
885.356	532.1
885.605	548.53
885.853	567.25
886.102	586.6
886.35	602.29
886.598	617.33
886.847	633.46
887.095	650.52
887.343	665.74
887.592	683.36
887.84	699.24
888.088	716.08
888.336	731.27
888.585	747.61
888.833	761.78
889.081	777.42
889.329	798.21
889.578	816.36
889.826	831.61
890.074	848.99
890.322	865.48
890.571	882.91
890.819	897.72
891.067	914.9
891.315	931.1
891.563	948.86
891.811	965.97
892.06	979.27
892.308	995.72
892.556	1014.06
892.804	1030.63
893.052	1047.7
893.3	1063.97
893.548	1080.82
893.796	1098.23
894.044	1113.4
894.292	1127.48
894.54	1142.84
894.788	1159.94
895.036	1173.66
895.284	1189.32
895.533	1201.55
895.781	1214.92
896.028	1230.54
896.276	1242.23
896.524	1253.57
896.772	1264.3
897.02	1278.68
897.268	1293.36
897.516	1305.14
897.764	1319.87
898.012	1330.94
898.26	1342.78
898.508	1353.55
898.756	1365.16
899.004	1379.56
899.252	1393.97
899.499	1410.23
899.747	1418.93
899.995	1427.11
900.243	1439.26
900.491	1449.22
900.739	1459.77
900.986	1473.44
901.234	1489.44
901.482	1501.76
901.73	1512.97
901.978	1522.13
902.225	1536.01
902.473	1551.11
902.721	1567.16
902.968	1581.01
903.216	1595.2
903.464	1612.46
903.712	1628.78
903.959	1644.45
904.207	1660.06
904.455	1679.47
904.702	1700.41
904.95	1716.09
905.198	1732.49
905.445	1751.96
905.693	1771.97
905.941	1792.36
906.188	1813.67
906.436	1837.25
906.683	1859.97
906.931	1883.24
907.178	1903.09
907.426	1925.65
907.674	1948.21
907.921	1973.87
908.169	1996.7
908.416	2022.09
908.664	2050.01
908.911	2076.39
909.159	2099.74
909.406	2124.66
909.654	2152.32
909.901	2177.84
910.149	2203.26
910.396	2230.92
910.644	2259.63
910.891	2284.55
911.138	2307.36
911.386	2327.02
911.633	2344.27
911.881	2363.38
912.128	2380.4
912.375	2394.45
912.623	2412.86
912.87	2427.13
913.117	2437.42
913.365	2445.82
913.612	2453.25
913.859	2458.33
914.107	2463.08
914.354	2468.02
914.601	2466.31
914.849	2462.8
915.096	2460.34
915.343	2452.14
915.59	2442.28
915.838	2429.99
916.085	2414.28
916.332	2400.27
916.579	2384.85
916.827	2367.11
917.074	2345.49
917.321	2325.64
917.568	2301.26
917.815	2269.37
918.062	2241.32
918.31	2212.48
918.557	2183.04
918.804	2149.28
919.051	2112.32
919.298	2076.92
919.545	2038.02
919.792	1998.75
920.039	1958.71
920.286	1919.03
920.534	1879.67
920.781	1835.53
921.028	1793.92
921.275	1750.51
921.522	1708.11
921.769	1666.08
922.016	1622.25
922.263	1581.33
922.51	1539.02
922.757	1495.31
923.004	1454.18
923.251	1414.69
923.498	1374.24
923.745	1331.64
923.992	1290.91
924.238	1252.47
924.485	1215.63
924.732	1175.31
924.979	1133.14
925.226	1095.59
925.473	1059.43
925.72	1022.27
925.967	986.47
926.214	955.79
926.46	924.98
926.707	894.65
926.954	865.99
927.201	834.71
927.448	806.26
927.694	780.92
927.941	754.12
928.188	728.69
928.435	701.14
928.682	675.49
928.928	648.9
929.175	625.27
929.422	603.02
929.668	580.5
929.915	559.15
930.162	537.09
930.409	517.15
930.655	496.71
930.902	479.52
931.149	464.02
931.395	447.69
931.642	432.03
931.889	416.59
932.135	399.41
932.382	382.21
932.628	367.98
932.875	356.09
933.122	342.99
933.368	332.77
933.615	318.23
933.861	307.3
934.108	296.2
934.354	285.48
934.601	273.38
934.847	266.33
935.094	259.37
935.34	251.08
935.587	244.09
935.833	237.12
936.08	227.56
936.326	221.2
936.573	213.72
936.819	206.75
937.066	200.04
937.312	194.39
937.559	188.15
937.805	181.89
938.051	176.3
938.298	168.21
938.544	161.18
938.791	156.98
939.037	153.15
939.283	148.78
939.53	143.06
939.776	139.35
940.022	133.84
940.269	127.95
940.515	120.72
940.761	115.3
941.007	112.56
941.254	109.44
941.5	106.34
941.746	101.51
941.993	96.53
942.239	95.6
942.485	91.25
942.731	88.53
942.977	84.89
943.224	84.66
943.47	81.85
943.716	78.39
943.962	77.34
944.208	72.94
944.455	68.54
944.701	67.52
944.947	64.11
945.193	63.11
945.439	60.15
945.685	58.93
945.931	53.9
946.177	52.09
946.423	47.74
946.67	43.52
946.916	41.01
947.162	40.26
947.408	37.15
947.654	35.1
947.9	32.21
948.146	32.03
948.392	29.55
948.638	30.28
948.884	28.85
949.13	30.26
949.376	29.24
949.622	29.97
949.868	28.09
950.114	29.02
950.359	29.46
950.605	27.92
950.851	27.09
951.097	24.73
951.343	23.69
951.589	23.89
951.835	22.58
952.081	23.01
952.327	23.61
952.572	24.71
952.818	23.53
953.064	21.72
953.31	21.34
953.556	20.16
953.802	20.84
954.047	18.87
954.293	16.02
954.539	15.71
954.785	13.38
955.03	9.38
955.276	7.53
955.522	5.17
955.768	3.5
956.013	3.19
956.259	3.23
956.505	4.68
956.75	6.65
956.996	8.94
957.242	7.24
957.487	9.14
957.733	9.84
957.979	8.3
958.224	8.44
958.47	10.4
958.716	12.11
958.961	10.72
959.207	7.06
959.452	2.84
959.698	0.45
959.943	0.4
960.189	-0.15
960.435	-0.04
960.68	1.42
960.926	2.36
961.171	-0.8
961.417	-3.99
961.662	-4.16
961.908	-3.71
962.153	-1.72
962.399	-2.02
962.644	-0.99
962.89	-2.57
963.135	-2.84
963.38	-1.28
963.626	-2.2
963.871	-1.7
964.117	-2.45
964.362	-2.76
964.607	-2.26
964.853	-1.9
965.098	-2.62
965.344	-4.24
965.589	-3.74
965.834	-3.32
966.08	-6.14
966.325	-7.93
966.57	-9.51
966.815	-7.62
967.061	-6.86
967.306	-5.15
967.551	-6.58
967.797	-7.37
968.042	-7.35
968.287	-8.68
968.532	-8.65
968.777	-7.29
969.023	-4.77
969.268	-2.44
969.513	-0.68
969.758	-2.77
970.003	-3.65
970.249	-2.45
970.494	-0.86
970.739	-0.54
970.984	-1.12
971.229	-3.08
971.474	-4.05
971.719	-4.95
971.965	-4.97
972.21	-7.77
972.455	-5.66
972.7	-6.67
972.945	-8.62
973.19	-8.95
973.435	-8.87
973.68	-8.3
973.925	-6.98
974.17	-8.81
974.415	-10.8
974.66	-13.69
974.905	-13.38
975.15	-13.88
975.395	-13.21
975.64	-9.08
975.885	-8.55
976.13	-8.43
976.375	-8.02
976.62	-7.96
976.865	-5.68
977.109	-4.2
977.354	0.05
977.599	0.13
977.844	-0.12
978.089	-1.36
978.334	-3.33
978.579	-3.32
978.824	-3.21
979.068	-3.56
979.313	-4.11
979.558	-3.95
979.803	-3.39
980.048	-3.95
980.292	-5.08
980.537	-6.57
980.782	-6.31
981.027	-5.64
981.271	-5.16
981.516	-5.02
981.761	-5.36
982.006	-7.39
982.25	-7.95
982.495	-8.09
982.74	-9.12
982.984	-7.42
983.229	-5.33
983.474	-4.92
983.718	-5.43
983.963	-4.33
984.208	-4.64
984.452	-5.23
984.697	-3.41
984.941	-3.38
985.186	-3.19
985.431	-4.56
985.675	-6.68
985.92	-8.27
986.164	-8.31
986.409	-11.04
986.653	-14.83
986.898	-13.49
987.142	-13.46
987.387	-13.51
987.631	-14.17
987.876	-16.59
988.12	-16.44
988.365	-15.98
988.609	-13.42
988.854	-14.02
989.098	-13.5
989.343	-11.61
989.587	-13.69
989.831	-11.9
990.076	-13.08
990.32	-14.04
990.565	-14.36
990.809	-15.02
991.053	-16.62
991.298	-19.98
991.542	-19.56
991.786	-18.44
992.031	-19.08
992.275	-19.06
992.519	-19.26
992.764	-18.08
993.008	-17.59
993.252	-15.4
993.496	-14.49
993.741	-11.74
993.985	-10.44
994.229	-10.83
994.473	-12.23
994.718	-12.14
994.962	-11.62
995.206	-14.82
995.45	-13.47
995.694	-12.37
995.939	-11.5
996.183	-11.83
996.427	-15.62
996.671	-17.66
996.915	-18.73
997.159	-17.05
997.403	-16.06
997.647	-16.4
997.892	-13.84
998.136	-15.38
998.38	-16.57
998.624	-16.98
998.868	-16.19
999.112	-14.24
999.356	-12.45
999.6	-12.43
999.844	-12.31
1000.088	-11.65
1000.332	-10.33
1000.576	-10.98
1000.82	-11.15
1001.064	-11.22
1001.308	-11.76
1001.552	-12.32
1001.796	-13.44
1002.04	-14.16
1002.284	-13.3
1002.528	-13.94
1002.771	-14.72
1003.015	-15.26
1003.259	-14.82
1003.503	-14.22
1003.747	-11.79
1003.991	-11.78
1004.235	-12.94
1004.479	-11.28
1004.722	-10.84
1004.966	-11.79
1005.21	-12.4
1005.454	-13.66
1005.698	-14.47
1005.941	-15.35
1006.185	-14.95
1006.429	-17.33
1006.673	-18.56
1006.916	-17.39
1007.16	-16.01
1007.404	-14.02
1007.648	-11.58
1007.891	-10.58
1008.135	-8.58
1008.379	-6.99
1008.622	-5.11
1008.866	-4.67
1009.11	-5.67
1009.353	-3.38
1009.597	-2.74
1009.841	-3.06
1010.084	-4.58
1010.328	-6.75
1010.571	-6.33
1010.815	-7.2
1011.059	-8.22
1011.302	-9.26
1011.546	-7.75
1011.789	-5.94
1012.033	-7.95
1012.276	-8.45
1012.52	-8.56
1012.763	-3.39
1013.007	-2.72
1013.25	-3.26
1013.494	-5.36
1013.737	-6.58
1013.981	-7.07
1014.224	-11.91
1014.468	-12.32
1014.711	-11.06
1014.955	-10.61
1015.198	-10.05
1015.441	-15.34
1015.685	-14.86
1015.928	-15.66
1016.172	-13.5
1016.415	-11.81
1016.658	-12.9
1016.902	-11.29
1017.145	-11.94
1017.388	-11.38
1017.632	-10.56
1017.875	-12.5
1018.118	-14.24
1018.362	-13.42
1018.605	-12.81
1018.848	-13.63
1019.091	-15.73
1019.335	-15.65
1019.578	-13.39
1019.821	-10.99
1020.064	-12.42
1020.308	-12.83
1020.551	-12.34
1020.794	-12.28
1021.037	-13.28
1021.28	-12.99
1021.524	-12.7
1021.767	-10.87
1022.01	-10.43
1022.253	-11.31
1022.496	-14.91
1022.739	-15.56
1022.982	-17.39
1023.226	-16.02
1023.469	-14.24
1023.712	-11.47
1023.955	-10.61
1024.198	-10.24
1024.441	-11.22
1024.684	-10.9
1024.927	-14.34
1025.17	-12.71
1025.413	-13.1
1025.656	-14.29
1025.899	-16.28
1026.142	-16.9
1026.385	-19.98
1026.628	-22.54
1026.871	-23.66
1027.114	-23.94
1027.357	-25.06
1027.6	-23.97
1027.843	-22.98
1028.086	-21.49
1028.329	-18.83
1028.571	-18.95
1028.814	-19.89
1029.057	-20.04
1029.3	-20.5
1029.543	-20.15
1029.786	-20.22
1030.029	-21.27
1030.271	-20.33
1030.514	-22.43
1030.757	-25.19
1031	-29.06
1031.243	-28.47
1031.485	-27.04
1031.728	-24.54
1031.971	-22.13
1032.214	-23.76
1032.456	-23.56
1032.699	-20.03
1032.942	-19.02
1033.185	-18.44
1033.427	-16.81
1033.67	-14.72
1033.913	-12.67
1034.155	-12.52
1034.398	-15.25
1034.641	-12.7
1034.883	-9.91
1035.126	-8.39
1035.369	-8.94
1035.611	-7.7
1035.854	-6.48
1036.096	-4.7
1036.339	-4.25
1036.582	-5.41
1036.824	-6.26
1037.067	-3.73
1037.309	-7.53
1037.552	-7.59
1037.794	-5.5
1038.037	-6.07
1038.279	-7.66
1038.522	-7.99
1038.764	-7.51
1039.007	-5.75
1039.249	-7.13
1039.492	-7.05
1039.734	-7.72
1039.977	-8.58
1040.219	-10.99
1040.462	-14.99
1040.704	-15.25
1040.946	-15.84
1041.189	-16.17
1041.431	-18.34
1041.674	-19.66
1041.916	-18.16
1042.158	-15.46
1042.401	-17.11
1042.643	-17.06
1042.885	-14.57
1043.128	-12.78
1043.37	-12.81
1043.612	-12.05
1043.855	-11.37
1044.097	-10.99
1044.339	-10.62
1044.581	-11.92
1044.824	-14.63
1045.066	-15.24
1045.308	-14.1
1045.55	-14.99
1045.793	-17.15
1046.035	-16.22
1046.277	-17.58
1046.519	-17.88
1046.761	-19.18
1047.003	-20.37
1047.246	-19.31
1047.488	-16.85
1047.73	-15.68
1047.972	-11.96
1048.214	-10.78
1048.456	-8.8
1048.698	-7.76
1048.94	-6.79
1049.183	-3.45
1049.425	-2.13
1049.667	-2.3
1049.909	-1.04
1050.151	0.35
1050.393	-0.05
1050.635	-2.15
1050.877	-2.63
1051.119	-3.66
1051.361	-5.1
1051.603	-5.71
1051.845	-9.64
1052.087	-9.14
1052.329	-7.1
1052.571	-6.01
1052.813	-8.51
1053.054	-7.84
1053.296	-8.93
1053.538	-10.34
1053.78	-9.41
1054.022	-9.92
1054.264	-8.97
1054.506	-9.89
1054.748	-11.11
1054.99	-10.78
1055.231	-14.43
1055.473	-15.49
1055.715	-17.03
1055.957	-16.95
1056.199	-16.17
1056.44	-15.69
1056.682	-16.46
1056.924	-17.64
1057.166	-16.11
1057.408	-15.98
1057.649	-17.02
1057.891	-17.53
1058.133	-16.15
1058.374	-13.12
1058.616	-13.74
1058.858	-14.95
1059.1	-18.38
1059.341	-17.26
1059.583	-16.92
1059.825	-15.1
1060.066	-14.78
1060.308	-13.68
1060.549	-12.7
1060.791	-12.85
1061.033	-14.52
1061.274	-14.54
1061.516	-13.63
1061.757	-11.38
1061.999	-12.78
1062.241	-13.18
1062.482	-16.02
1062.724	-17.37
1062.965	-18.8
1063.207	-18.03
1063.448	-20.13
1063.69	-19.09
1063.931	-18.4
1064.173	-19.12
1064.414	-18.41
1064.656	-18.05
1064.897	-17.8
1065.139	-17.27
1065.38	-15.06
1065.621	-14.23
1065.863	-13
1066.104	-12.28
1066.346	-14.31
1066.587	-13.68
1066.828	-10.91
1067.07	-10.59
1067.311	-8.21
1067.552	-8.76
1067.794	-7.63
1068.035	-7.37
1068.276	-8.52
1068.518	-10.85
1068.759	-12.21
1069	-9.54
1069.242	-8.53
1069.483	-6.23
1069.724	-6.95
1069.965	-8.91
1070.207	-7.4
1070.448	-5.53
1070.689	-5.07
1070.93	-3.62
1071.172	-1.93
1071.413	0.24
1071.654	-2.05
1071.895	-3.11
1072.136	-8.12
1072.377	-8.32
1072.619	-6.92
1072.86	-7.12
1073.101	-11.85
1073.342	-12.08
1073.583	-13.07
1073.824	-14.46
1074.065	-15.38
1074.306	-15.1
1074.547	-17.39
1074.788	-16.22
1075.029	-15.83
1075.271	-17.13
1075.512	-19.13
1075.753	-16.61
1075.994	-17
1076.235	-18.5
1076.476	-18.98
1076.717	-18.69
1076.958	-19.89
1077.199	-19.13
1077.439	-19.72
1077.68	-20.51
1077.921	-17.59
1078.162	-15.12
1078.403	-15.58
1078.644	-17.51
1078.885	-15.3
1079.126	-15.92
1079.367	-14.52
1079.608	-13.3
1079.848	-13.41
1080.089	-14.8
1080.33	-14.89
1080.571	-18.02
1080.812	-19.96
1081.053	-20.16
1081.293	-19.13
1081.534	-19.12
1081.775	-17.88
1082.016	-19.53
1082.257	-19.02
1082.497	-17.59
1082.738	-14.32
1082.979	-13.56
1083.219	-12.77
1083.46	-12.58
1083.701	-12.38
1083.942	-8.71
1084.182	-10.73
1084.423	-12.25
1084.664	-12.48
1084.904	-12.78
1085.145	-13.84
1085.386	-13.92
1085.626	-14.38
1085.867	-15.53
1086.107	-16.17
1086.348	-15.57
1086.589	-18.64
1086.829	-18.39
1087.07	-15.94
1087.31	-15.09
1087.551	-15.16
1087.791	-15.56
1088.032	-17.83
1088.272	-18.64
1088.513	-16.73
1088.753	-14.83
1088.994	-16.36
1089.234	-17.52
1089.475	-16.58
1089.715	-17.43
1089.956	-19.07
1090.196	-18.05
1090.437	-18.42
1090.677	-17.19
1090.917	-16.1
1091.158	-17.33
1091.398	-17.37
1091.639	-16.71
1091.879	-15.02
1092.119	-15.32
1092.36	-14.3
1092.6	-13.49
1092.84	-15.45
1093.081	-12.25
1093.321	-12.3
1093.561	-10.13
1093.802	-11.26
1094.042	-13.73
1094.282	-13.63
1094.522	-15.21
1094.763	-16
1095.003	-16.7
1095.243	-15.41
1095.483	-14.25
1095.724	-15.7
1095.964	-16.75
1096.204	-20.49
1096.444	-19.43
1096.684	-16.62
1096.925	-17.52
1097.165	-17.59
1097.405	-18.21
1097.645	-18.72
1097.885	-18.87
1098.125	-19.65
1098.365	-21.87
1098.605	-19.23
1098.846	-17.52
1099.086	-15.16
1099.326	-14.6
1099.566	-14.46
1099.806	-11.66
1100.046	-10.37
1100.286	-9.84
1100.526	-12.28
1100.766	-12.04
1101.006	-10.21
1101.246	-13.7
1101.486	-14.39
1101.726	-16.8
1101.966	-17.58
1102.206	-17.16
1102.446	-18.81
1102.686	-19.48
1102.926	-17.89
1103.166	-16.04
1103.405	-15.78
1103.645	-16.74
1103.885	-15.12
1104.125	-16.88
1104.365	-16.45
1104.605	-17.26
1104.845	-17.41
1105.085	-16.55
1105.324	-16.69
1105.564	-18.53
1105.804	-18.64
1106.044	-16.89
1106.284	-13.69
1106.523	-12.08
1106.763	-8.99
1107.003	-8.11
1107.243	-8.57
1107.482	-6.45
1107.722	-7.94
1107.962	-6.03
1108.202	-3.64
1108.441	-3.8
1108.681	-5.72
1108.921	-7.62
1109.16	-9.86
1109.4	-9.92
1109.64	-11.83
1109.879	-9.68
1110.119	-10.28
1110.359	-9.14
1110.598	-9.9
1110.838	-13.15
1111.077	-13.08
1111.317	-13.2
1111.557	-13.37
1111.796	-13.49
1112.036	-15.02
1112.275	-14.85
1112.515	-13.61
1112.754	-13.52
1112.994	-16.62
1113.233	-15.14
1113.473	-14.74
1113.712	-14.41
1113.952	-13.48
1114.191	-13.94
1114.431	-13.99
1114.67	-13.97
1114.91	-10.66
1115.149	-15.13
1115.389	-17.57
1115.628	-14.23
1115.867	-14.61
1116.107	-13.93
1116.346	-14.05
1116.585	-14.01
1116.825	-12.84
1117.064	-10.79
1117.304	-11.54
1117.543	-15.2
1117.782	-14.33
1118.021	-11.62
1118.261	-13.07
1118.5	-15.92
1118.739	-17.3
1118.979	-18.11
1119.218	-19.88
1119.457	-22.2
1119.696	-23.77
1119.936	-23.16
1120.175	-21.86
1120.414	-18.98
1120.653	-20.99
1120.893	-21.5
1121.132	-17.02
1121.371	-14.72
1121.61	-13.03
1121.849	-12.61
1122.088	-13.37
1122.328	-12.88
1122.567	-14.24
1122.806	-13.88
1123.045	-15.55
1123.284	-15.25
1123.523	-14.7
1123.762	-16.25
1124.001	-17.69
1124.24	-18.63
1124.479	-17.01
1124.718	-15.24
1124.957	-17.8
1125.196	-15.53
1125.435	-16.79
1125.674	-19.2
1125.913	-19.13
1126.152	-20.23
1126.391	-21.84
1126.63	-24.06
1126.869	-24.74
1127.108	-27.18
1127.347	-28.45
1127.586	-26.45
1127.825	-28.66
