Data from HR4C45961_13-02-52-928.txt Node
195.373	-75.03
195.645	-65.35
195.916	-54.56
196.187	-47.1
196.459	-43.91
196.73	-40.11
197.002	-28.83
197.273	-17.9
197.544	-7.98
197.816	0.21
198.087	1.57
198.358	2.62
198.63	2.53
198.901	1.61
199.172	-0.18
199.444	1.11
199.715	1.86
199.986	2.24
200.257	0.67
200.529	0.02
200.8	-2.68
201.071	-2.3
201.343	0.76
201.614	1.77
201.885	-1.85
202.156	-1.56
202.427	-2.07
202.699	-2.62
202.97	-4.57
203.241	-2.75
203.512	-2.73
203.783	-0.56
204.055	-2.22
204.326	-5.49
204.597	-5.77
204.868	-3.67
205.139	-5.53
205.41	-5.38
205.681	-6.06
205.952	-5.81
206.224	-6.47
206.495	-5.11
206.766	-2.89
207.037	-1.93
207.308	0.23
207.579	0.47
207.85	0.3
208.121	2.36
208.392	3.91
208.663	4.74
208.934	3.83
209.205	2.87
209.476	3.61
209.747	1.52
210.018	3.59
210.289	3.25
210.56	3.76
210.831	6.26
211.102	6.1
211.373	6.22
211.644	6.03
211.915	6.41
212.186	7.29
212.457	5.77
212.728	4.71
212.999	1.65
213.269	0.7
213.54	0.48
213.811	-1.94
214.082	-2.66
214.353	-4.73
214.624	-3.41
214.895	-1.19
215.165	-0.37
215.436	1.91
215.707	3.57
215.978	4.22
216.249	3.4
216.52	2.96
216.79	3.67
217.061	4.65
217.332	5.6
217.603	3.73
217.873	1.76
218.144	-0.56
218.415	-2.65
218.686	-6.26
218.956	-6.88
219.227	-7.03
219.498	-6.2
219.768	-7.79
220.039	-10.19
220.31	-10.81
220.58	-8.9
220.851	-8.19
221.122	-7.46
221.392	-6.56
221.663	-3.57
221.934	-2.13
222.204	-0.9
222.475	-1.26
222.746	0.67
223.016	3.63
223.287	5.76
223.557	3.65
223.828	2.66
224.098	2.79
224.369	2.03
224.64	4.59
224.91	3.91
225.181	3.59
225.451	3.18
225.722	1.99
225.992	2.82
226.263	2.89
226.533	6.53
226.804	10.96
227.074	11.45
227.345	11.38
227.615	7.73
227.886	8.89
228.156	8.35
228.426	8.61
228.697	10.06
228.967	7.85
229.238	5.34
229.508	2.14
229.779	-1.04
230.049	-1.99
230.319	-1.57
230.59	-1.8
230.86	-3.6
231.13	-2.89
231.401	-2.78
231.671	-4.58
231.941	-2.54
232.212	-0.76
232.482	-1.46
232.752	-1.25
233.023	-1.37
233.293	-3.12
233.563	-0.1
233.834	1.23
234.104	-0.73
234.374	0.92
234.644	1.61
234.915	2.26
235.185	-0.18
235.455	1.87
235.725	2.25
235.995	1.8
236.266	2.47
236.536	2.59
236.806	1.64
237.076	4.15
237.346	1.94
237.616	3.52
237.887	0.98
238.157	3.36
238.427	0.48
238.697	-2.07
238.967	0.26
239.237	0.16
239.507	-1.24
239.777	-0.97
240.048	-0.58
240.318	-1.58
240.588	-3.54
240.858	-4.28
241.128	-5.95
241.398	-2.93
241.668	-3
241.938	-4.08
242.208	-4.4
242.478	-6.68
242.748	-7.52
243.018	-9.92
243.288	-8.57
243.558	-7.45
243.828	-6.43
244.098	-7.22
244.368	-8.81
244.638	-6.25
244.908	-7.3
245.178	-5.53
245.448	-3.57
245.718	-4.08
245.987	-1.25
246.257	-0.38
246.527	-2.1
246.797	-1.61
247.067	-0.01
247.337	-0.77
247.607	1.27
247.877	2.16
248.146	1.27
248.416	1.46
248.686	1.92
248.956	-0.37
249.226	-0.51
249.496	-1.68
249.765	-2.1
250.035	-3.31
250.305	-2.48
250.575	-4.69
250.844	-3.17
251.114	-3.6
251.384	-4.15
251.654	-3.49
251.923	-2.23
252.193	-2.05
252.463	0.77
252.732	2.22
253.002	3.3
253.272	3.38
253.542	3.41
253.811	2.65
254.081	3.16
254.351	3.55
254.62	2.73
254.89	3.78
255.159	1.2
255.429	0.58
255.699	0.02
255.968	0.24
256.238	1.14
256.507	0.34
256.777	-1.56
257.047	-2.23
257.316	-1.24
257.586	0.87
257.855	0.05
258.125	0.96
258.394	1.65
258.664	2.61
258.933	1.54
259.203	1.49
259.472	1.3
259.742	3.19
260.011	3.57
260.281	0.92
260.55	0.81
260.82	1.43
261.089	2.51
261.359	3.49
261.628	2.64
261.898	3.42
262.167	1.97
262.436	2.04
262.706	2.42
262.975	1.73
263.245	3.44
263.514	2.3
263.783	0.27
264.053	-1.49
264.322	-1.78
264.591	-1.36
264.861	-0.81
265.13	-0.35
265.399	-1.73
265.669	-2.48
265.938	-0.44
266.207	-0.1
266.477	0.69
266.746	2.05
267.015	2.85
267.284	1.09
267.554	-0.51
267.823	-0.3
268.092	0.03
268.361	0.67
268.631	-0.67
268.9	-3.49
269.169	-4.08
269.438	-4.1
269.707	-4.78
269.977	-4.07
270.246	-5.11
270.515	-5.36
270.784	-4.32
271.053	-4.17
271.322	-3.84
271.591	-4.69
271.861	-3.52
272.13	-4.45
272.399	-5.88
272.668	-7.01
272.937	-8.65
273.206	-7.31
273.475	-6.39
273.744	-8.05
274.013	-7.61
274.282	-6.1
274.551	-4.51
274.82	-5.9
275.089	-5.44
275.358	-4.44
275.627	-2.97
275.896	-0.47
276.165	1.57
276.434	1.32
276.703	2.02
276.972	0.9
277.241	0.31
277.51	-0.24
277.779	0.16
278.048	-1.03
278.317	-1.34
278.586	-0.59
278.855	-0.85
279.124	-2.83
279.393	-3.34
279.662	-2.87
279.93	-3.08
280.199	-4.79
280.468	-4.1
280.737	-2.97
281.006	-2.17
281.275	-2.9
281.544	-4.72
281.812	-7.24
282.081	-8.01
282.35	-6.95
282.619	-7.05
282.888	-8.25
283.156	-8.12
283.425	-6.6
283.694	-7.27
283.963	-8.94
284.231	-7.65
284.5	-7.61
284.769	-6.97
285.038	-5.79
285.306	-5.86
285.575	-6.8
285.844	-7.03
286.112	-7.41
286.381	-7.96
286.65	-4.62
286.918	-0.98
287.187	-1.78
287.456	-1.42
287.724	-1.16
287.993	-3.26
288.262	-2.29
288.53	-1.55
288.799	1.6
289.067	1.46
289.336	0.54
289.604	-1.78
289.873	-2.34
290.142	-1.29
290.41	-1.06
290.679	-1.96
290.947	-0.17
291.216	-2.02
291.484	-3.27
291.753	-4.57
292.021	-3.79
292.29	-4.96
292.558	-5.93
292.827	-6.04
293.095	-7.44
293.364	-8.82
293.632	-7.89
293.901	-6.98
294.169	-5.15
294.438	-4.27
294.706	-3.94
294.974	-3.24
295.243	-1.82
295.511	-1.74
295.78	-2.1
296.048	-1.66
296.316	-1.11
296.585	-0.44
296.853	-2.56
297.121	-4.79
297.39	-7.42
297.658	-8.41
297.926	-8.3
298.195	-8.22
298.463	-6.88
298.731	-8.19
299	-9.18
299.268	-8.36
299.536	-8.91
299.804	-8.2
300.073	-8.94
300.341	-7
300.609	-5.36
300.877	-5.57
301.146	-6.18
301.414	-8.49
301.682	-8.29
301.95	-7.1
302.218	-6.49
302.487	-6.85
302.755	-7.81
303.023	-6.54
303.291	-4.82
303.559	-5.08
303.827	-6.53
304.096	-8.5
304.364	-7.46
304.632	-7
304.9	-5.27
305.168	-5.56
305.436	-5.33
305.704	-3.72
305.972	-1.99
306.24	-1.82
306.508	-2.45
306.776	-0.84
307.045	0.83
307.313	0.33
307.581	-0.07
307.849	-2.68
308.117	-4.38
308.385	-3.31
308.653	-2.15
308.921	-4.9
309.189	-6.21
309.457	-6.04
309.724	-6.32
309.992	-3.87
310.26	-3.56
310.528	-4.87
310.796	-5.89
311.064	-5.2
311.332	-4.91
311.6	-5.36
311.868	-4.98
312.136	-5.07
312.404	-3.78
312.672	-4.6
312.939	-5.61
313.207	-4.39
313.475	-2.15
313.743	-0.01
314.011	0.51
314.279	-0.56
314.546	-1.06
314.814	-0.94
315.082	-1.57
315.35	-1.63
315.618	-1.6
315.885	-2.32
316.153	-2.27
316.421	-2
316.689	-3.76
316.956	-3.85
317.224	-2.68
317.492	-4.04
317.759	-3.14
318.027	-2.83
318.295	-6.83
318.563	-7.34
318.83	-9.01
319.098	-9.52
319.366	-10.52
319.633	-9.3
319.901	-9.75
320.169	-11.08
320.436	-11.28
320.704	-13.13
320.971	-13.79
321.239	-10.94
321.507	-7.53
321.774	-5.22
322.042	-6.6
322.309	-5.02
322.577	-3.96
322.844	-1.66
323.112	-0.91
323.38	-0.49
323.647	1.51
323.915	0.87
324.182	0.2
324.45	-3.48
324.717	-4.25
324.985	-4.15
325.252	-7.42
325.52	-6.89
325.787	-8.7
326.054	-8.86
326.322	-8.99
326.589	-10.37
326.857	-10.25
327.124	-10.81
327.392	-8.52
327.659	-9.53
327.926	-9.35
328.194	-7.13
328.461	-8.25
328.729	-9.6
328.996	-9.88
329.263	-10.71
329.531	-9.83
329.798	-8.5
330.065	-8.26
330.333	-9.15
330.6	-9.39
330.867	-9.49
331.135	-12.29
331.402	-14.18
331.669	-13.63
331.936	-14.9
332.204	-13.65
332.471	-15.21
332.738	-17.21
333.005	-17.61
333.273	-16.94
333.54	-15.76
333.807	-14.3
334.074	-11.51
334.341	-10.55
334.609	-10.25
334.876	-9.98
335.143	-11.05
335.41	-8.61
335.677	-6.97
335.944	-6.75
336.212	-6.26
336.479	-6.41
336.746	-7.06
337.013	-8.47
337.28	-9.28
337.547	-9.43
337.814	-10
338.081	-8.67
338.348	-8.45
338.616	-7.9
338.883	-6.65
339.15	-8.31
339.417	-6.92
339.684	-6.49
339.951	-4.93
340.218	-4.34
340.485	-4.13
340.752	-2.89
341.019	-0.76
341.286	-1.73
341.553	-3.09
341.82	-3.21
342.087	-3.59
342.354	-3.94
342.62	-4.63
342.887	-3.95
343.154	-2.77
343.421	-2.16
343.688	-3.6
343.955	-7.02
344.222	-7.57
344.489	-6.61
344.756	-7.56
345.023	-7.38
345.289	-8.97
345.556	-7.79
345.823	-10.27
346.09	-9.21
346.357	-10.25
346.624	-8.32
346.89	-8.13
347.157	-8.51
347.424	-7.42
347.691	-7.74
347.958	-8.27
348.224	-8.2
348.491	-9.05
348.758	-7.79
349.025	-10.07
349.291	-9.87
349.558	-10.07
349.825	-9.95
350.091	-9.49
350.358	-11.9
350.625	-11.35
350.891	-11.21
351.158	-12.52
351.425	-12.17
351.691	-12.26
351.958	-11.29
352.225	-9.83
352.491	-11.58
352.758	-10.1
353.025	-10.46
353.291	-9.82
353.558	-7.33
353.824	-7.56
354.091	-6.2
354.358	-6.08
354.624	-4.54
354.891	-4.36
355.157	-6.23
355.424	-4.22
355.69	-5.25
355.957	-4.32
356.223	-3.11
356.49	-4.9
356.756	-3.91
357.023	-3.51
357.289	-5
357.556	-5.49
357.822	-6.58
358.089	-5.33
358.355	-4.48
358.622	-3.86
358.888	-5.79
359.154	-6.1
359.421	-5.83
359.687	-5.5
359.954	-6.94
360.22	-6.65
360.486	-8.65
360.753	-5.73
361.019	-6.51
361.286	-8.12
361.552	-8.69
361.818	-7.79
362.085	-8.65
362.351	-8.81
362.617	-9.38
362.884	-8.57
363.15	-6.43
363.416	-4.01
363.682	-6.75
363.949	-5.93
364.215	-6.33
364.481	-6.58
364.747	-5.88
365.014	-4.24
365.28	-5.26
365.546	-4.92
365.812	-3.7
366.079	-4.92
366.345	-4.66
366.611	-1.83
366.877	-2.02
367.143	-1.22
367.409	-1.14
367.676	-0.52
367.942	-1.57
368.208	-0.67
368.474	-0.13
368.74	-1.77
369.006	-2.15
369.272	-4.11
369.538	-7.07
369.805	-7.4
370.071	-7.2
370.337	-7.88
370.603	-8.18
370.869	-8.05
371.135	-7.39
371.401	-8.29
371.667	-6.09
371.933	-4.94
372.199	-4.93
372.465	-2.52
372.731	-1.64
372.997	-3.56
373.263	-2.22
373.529	-3.55
373.795	-6.53
374.061	-9.42
374.327	-8.44
374.593	-10.2
374.859	-10.02
375.125	-8.82
375.39	-9.68
375.656	-10.64
375.922	-9.21
376.188	-9.2
376.454	-7.78
376.72	-6.32
376.986	-4.52
377.252	-5.18
377.517	-4.59
377.783	-4.04
378.049	-3.97
378.315	-6.46
378.581	-6.63
378.847	-6.28
379.112	-6.87
379.378	-8.58
379.644	-9.44
379.91	-10.39
380.175	-11.5
380.441	-11.42
380.707	-12.57
380.973	-11.18
381.238	-8.85
381.504	-7.98
381.77	-9.41
382.036	-10.03
382.301	-6.99
382.567	-3.97
382.833	-3.53
383.098	-1.59
383.364	-1.58
383.63	-1.79
383.895	-4.24
384.161	-5.42
384.427	-6.81
384.692	-5.88
384.958	-5.9
385.223	-9.74
385.489	-12.03
385.755	-10.09
386.02	-10.27
386.286	-11.43
386.551	-10.34
386.817	-10.92
387.082	-12.48
387.348	-11.72
387.613	-11.66
387.879	-11
388.144	-8.72
388.41	-7.65
388.675	-7.69
388.941	-7.8
389.206	-6.79
389.472	-7.82
389.737	-7.79
390.003	-5.36
390.268	-5.23
390.534	-5.88
390.799	-5.61
391.064	-5.06
391.33	-6.04
391.595	-6.88
391.861	-4.87
392.126	-4.78
392.391	-3.8
392.657	-3.08
392.922	-3.79
393.188	-2.79
393.453	-3.34
393.718	-4.43
393.984	-5.72
394.249	-4.99
394.514	-6.46
394.779	-7.25
395.045	-7.54
395.31	-6.09
395.575	-6.35
395.841	-5.38
396.106	-7.13
396.371	-7.61
396.636	-6.84
396.902	-6.3
397.167	-4.02
397.432	-2.79
397.697	-4.5
397.962	-5.34
398.228	-8.5
398.493	-9.31
398.758	-11.35
399.023	-12.31
399.288	-9.06
399.553	-8.19
399.819	-8.01
400.084	-8.59
400.349	-9.84
400.614	-8.34
400.879	-6.18
401.144	-5.21
401.409	-4.23
401.674	-2.38
401.939	-0.05
402.204	-2.28
402.469	-2.78
402.734	-2.02
403	-1.53
403.265	-0.68
403.53	-2.69
403.795	-3.78
404.06	-3.87
404.325	-4.65
404.59	-5.08
404.855	-5.75
405.12	-3.92
405.384	-4.88
405.649	-4.94
405.914	-6.47
406.179	-6.31
406.444	-5.23
406.709	-5.44
406.974	-5.02
407.239	-3.11
407.504	-3.5
407.769	-3.48
408.034	-4.48
408.299	-2.65
408.563	-3.27
408.828	-3.43
409.093	-3.7
409.358	-4.97
409.623	-4.85
409.888	-4.76
410.152	-6.39
410.417	-7.09
410.682	-6.71
410.947	-8.07
411.212	-8.46
411.476	-8.17
411.741	-9.12
412.006	-10.65
412.271	-10.1
412.535	-9.4
412.8	-10.52
413.065	-10.68
413.329	-10.43
413.594	-11.64
413.859	-10.09
414.124	-10.9
414.388	-11.33
414.653	-10.35
414.918	-8.69
415.182	-8.52
415.447	-7.2
415.711	-7.01
415.976	-5.52
416.241	-4.47
416.505	-3.35
416.77	-4.23
417.034	-3.19
417.299	-2.94
417.564	-1.47
417.828	-0.86
418.093	-0.56
418.357	-0.45
418.622	1.59
418.886	0.8
419.151	0.34
419.415	0.44
419.68	2.3
419.944	0.75
420.209	0.29
420.473	-1.83
420.738	-0.62
421.002	0.16
421.267	-1.59
421.531	-3.99
421.796	-1.81
422.06	-1.35
422.325	-1.38
422.589	-3.93
422.853	-2
423.118	-1.26
423.382	-0.67
423.646	-1.5
423.911	-2.26
424.175	-1.91
424.44	-1.62
424.704	-4.62
424.968	-4.71
425.233	-4.48
425.497	-2.8
425.761	-2.73
426.026	-3.98
426.29	-4.27
426.554	-4.77
426.818	-5.63
427.083	-5.65
427.347	-5.37
427.611	-4.27
427.875	-4.55
428.14	-4.37
428.404	-4.05
428.668	-4.3
428.932	-4.66
429.197	-3.15
429.461	-3.3
429.725	-1.82
429.989	0.49
430.253	4.04
430.517	4.41
430.782	5.6
431.046	8.4
431.31	11.95
431.574	12.18
431.838	15.53
432.102	16.23
432.366	19.47
432.63	21.26
432.894	20.14
433.159	18.61
433.423	20.72
433.687	22.18
433.951	20.75
434.215	19.77
434.479	22.97
434.743	23.11
435.007	22.54
435.271	22.48
435.535	23.83
435.799	26.27
436.063	28.5
436.327	29.33
436.591	30.87
436.855	32.39
437.119	33.02
437.383	33.57
437.646	34.58
437.91	35.96
438.174	35.07
438.438	35.15
438.702	36.14
438.966	35.71
439.23	36.53
439.494	34.21
439.758	32.36
440.021	30.11
440.285	27.88
440.549	27.32
440.813	26.66
441.077	26.18
441.341	23.98
441.604	18.84
441.868	16.02
442.132	13.13
442.396	12.42
442.66	12.94
442.923	13.39
443.187	12.8
443.451	12.73
443.715	11.18
443.978	11.5
444.242	10.93
444.506	13.73
444.769	15.55
445.033	16.44
445.297	18.38
445.56	20.58
445.824	20.88
446.088	22.57
446.351	22.95
446.615	24.36
446.879	24.12
447.142	24.98
447.406	24.17
447.669	23.83
447.933	22.36
448.197	21.67
448.46	20.13
448.724	20.09
448.987	19.04
449.251	18.78
449.515	19.27
449.778	20.1
450.042	19.83
450.305	19.9
450.569	21.15
450.832	22.88
451.096	22.61
451.359	21.44
451.623	23.03
451.886	23.63
452.15	24.42
452.413	25.41
452.676	25.9
452.94	27.98
453.203	28.5
453.467	27.67
453.73	28.24
453.994	28.83
454.257	29.06
454.52	27.85
454.784	25.87
455.047	25.82
455.31	25.2
455.574	23.82
455.837	23.36
456.1	24.16
456.364	22.99
456.627	22.24
456.89	21.14
457.154	21.43
457.417	19.33
457.68	19
457.944	17.61
458.207	15.66
458.47	15.98
458.733	15.67
458.997	13.08
459.26	12.21
459.523	10.63
459.786	10.96
460.049	11.67
460.313	13.74
460.576	14.53
460.839	13.61
461.102	15.19
461.365	14.87
461.628	15.04
461.892	17.33
462.155	18.53
462.418	20.02
462.681	19.1
462.944	18.71
463.207	18.75
463.47	17.94
463.733	17.78
463.996	17.88
464.26	17.86
464.523	14.64
464.786	13.12
465.049	11.75
465.312	12.35
465.575	13.7
465.838	12.29
466.101	11.12
466.364	12.19
466.627	12.54
466.89	10.68
467.153	9.51
467.416	12.32
467.679	13.06
467.942	13.05
468.205	11.49
468.467	9.2
468.73	8.84
468.993	8.53
469.256	6.89
469.519	6.67
469.782	6.01
470.045	5.59
470.308	3.82
470.571	1.97
470.834	3.51
471.096	3.19
471.359	4.01
471.622	3.46
471.885	2.43
472.148	3.77
472.41	1.87
472.673	3.46
472.936	3.96
473.199	3.95
473.462	4.71
473.724	2.99
473.987	4.89
474.25	6.09
474.513	8.51
474.775	8.85
475.038	7.42
475.301	9.84
475.563	9.09
475.826	10.78
476.089	10.56
476.352	9.92
476.614	10.45
476.877	9.22
477.139	10.88
477.402	8.69
477.665	8.67
477.927	9.11
478.19	8.85
478.453	9.92
478.715	11.14
478.978	13.74
479.24	15.97
479.503	18.19
479.766	21.16
480.028	21.03
480.291	21.79
480.553	23.92
480.816	25.07
481.078	26.48
481.341	26.47
481.603	26.1
481.866	25.48
482.128	24.45
482.391	23.5
482.653	22.38
482.916	22.57
483.178	25.8
483.441	26.88
483.703	29.83
483.965	32.7
484.228	34.65
484.49	38.54
484.753	41.72
485.015	45.96
485.277	49.01
485.54	51.77
485.802	53.6
486.065	57.07
486.327	60.52
486.589	64.21
486.852	67.88
487.114	70.7
487.376	71.13
487.638	72.01
487.901	75.45
488.163	76.76
488.425	78.28
488.688	80.42
488.95	81.74
489.212	85.21
489.474	85.09
489.737	84.74
489.999	83.87
490.261	82.53
490.523	82.99
490.786	80.52
491.048	81.94
491.31	80.72
491.572	78.2
491.834	75.04
492.096	72.26
492.359	72.47
492.621	69.29
492.883	70.09
493.145	69.34
493.407	70.06
493.669	68.64
493.931	65.57
494.193	65.57
494.455	66.53
494.718	66.57
494.98	64.17
495.242	60.95
495.504	60.12
495.766	58.38
496.028	57.07
496.29	53.52
496.552	50.8
496.814	50.7
497.076	48.73
497.338	48.22
497.6	46.14
497.862	46.27
498.124	43.41
498.386	41.91
498.648	40.09
498.91	37.8
499.172	35.31
499.433	35.21
499.695	32.25
499.957	31.09
500.219	29.06
500.481	26.78
500.743	24.96
501.005	25.16
501.267	23.29
501.529	24.41
501.79	25.17
502.052	26.29
502.314	25.2
502.576	24.04
502.838	22.12
503.099	19.95
503.361	21.19
503.623	18.95
503.885	16.3
504.147	16.21
504.408	13.62
504.67	12.08
504.932	9.52
505.194	8.09
505.455	8.31
505.717	7.85
505.979	8.57
506.24	7.38
506.502	6.24
506.764	7.37
507.025	6.63
507.287	5.59
507.549	6.2
507.81	7.26
508.072	7.7
508.334	9.11
508.595	8.34
508.857	6.04
509.119	5.3
509.38	6.5
509.642	7.48
509.903	8.84
510.165	9.5
510.426	9.66
510.688	9.9
510.949	9.69
511.211	5.96
511.473	6.12
511.734	6.27
511.996	7.71
512.257	6.88
512.519	7.21
512.78	5.88
513.042	6.46
513.303	4.96
513.564	3.76
513.826	4.94
514.087	8.45
514.349	9.38
514.61	9.67
514.872	10.56
515.133	11.74
515.394	11.68
515.656	12.11
515.917	11.07
516.179	11.13
516.44	11.13
516.701	11.17
516.963	9.32
517.224	9.51
517.485	11.03
517.747	9.79
518.008	8.44
518.269	6.99
518.53	8.1
518.792	8.9
519.053	11.3
519.314	12.15
519.576	13.58
519.837	14.39
520.098	15.32
520.359	14.42
520.62	13.95
520.882	14.72
521.143	14.17
521.404	11.58
521.665	10.9
521.926	9.36
522.188	10.3
522.449	7.74
522.71	8.28
522.971	7.23
523.232	7.96
523.493	9.99
523.755	10.76
524.016	12.35
524.277	12.67
524.538	11.9
524.799	10.13
525.06	7.34
525.321	7.81
525.582	8.66
525.843	8.46
526.104	8.89
526.365	5.79
526.626	6
526.887	5.52
527.148	5.95
527.409	7.06
527.67	8.83
527.931	9.79
528.192	9.54
528.453	8.06
528.714	9.26
528.975	10.05
529.236	12.27
529.497	12.11
529.758	11.96
530.019	11.1
530.28	12.14
530.541	12.28
530.801	13.33
531.062	16.07
531.323	18.06
531.584	19.29
531.845	19.75
532.106	19.33
532.367	20.52
532.627	22.01
532.888	25.3
533.149	27.42
533.41	28.08
533.671	29.07
533.931	30.5
534.192	31.35
534.453	30.82
534.714	32.08
534.974	35.9
535.235	38.49
535.496	41.62
535.757	44.33
536.017	46.27
536.278	55.29
536.539	61.05
536.799	66.06
537.06	71.97
537.321	81.31
537.581	90.3
537.842	97.89
538.103	107.74
538.363	117.82
538.624	131.39
538.885	143.69
539.145	150.72
539.406	164.63
539.666	178.44
539.927	193.49
540.188	208.31
540.448	222.67
540.709	239.18
540.969	254.43
541.23	270.93
541.49	285.24
541.751	302.86
542.011	320.19
542.272	334.69
542.532	349.86
542.793	364.62
543.053	378.73
543.314	392.43
543.574	404.55
543.835	415.93
544.095	424.98
544.356	433.01
544.616	440.56
544.876	448.49
545.137	454.44
545.397	458.09
545.658	460.12
545.918	459.56
546.178	458.44
546.439	454.67
546.699	450.03
546.959	445.5
547.22	440.94
547.48	431.9
547.74	419.86
548.001	408.02
548.261	393.89
548.521	380.08
548.782	367.74
549.042	350.97
549.302	334.77
549.562	317.94
549.823	300.33
550.083	280.5
550.343	261.96
550.603	247.57
550.864	231.47
551.124	215.96
551.384	202.85
551.644	187.43
551.904	177.27
552.165	168.14
552.425	158.73
552.685	148.34
552.945	140.25
553.205	133.36
553.465	124.47
553.725	117.71
553.986	113.26
554.246	106.77
554.506	98.39
554.766	89.6
555.026	82.59
555.286	77.33
555.546	73.09
555.806	68.23
556.066	63.37
556.326	61.54
556.586	58.92
556.846	56.25
557.106	52.64
557.366	50.53
557.626	48.28
557.886	44.96
558.146	41.67
558.406	39.65
558.666	35.79
558.926	32.39
559.186	26.48
559.446	23.8
559.706	17.64
559.966	14.95
560.226	13.57
560.486	12.77
560.746	11.86
561.005	11.34
561.265	10.77
561.525	11.56
561.785	12.11
562.045	12.24
562.305	11.99
562.564	16.07
562.824	17.14
563.084	18.09
563.344	20.18
563.604	20.87
563.863	19.48
564.123	21.15
564.383	22.62
564.643	22.89
564.903	24.35
565.162	22.85
565.422	20.71
565.682	20.76
565.941	20.51
566.201	19.39
566.461	19.95
566.721	20.07
566.98	19.53
567.24	17.67
567.5	16.76
567.759	15.89
568.019	16.04
568.278	15.46
568.538	14.37
568.798	15.42
569.057	14.45
569.317	12.42
569.577	13.09
569.836	13.51
570.096	16.3
570.355	17.52
570.615	18.97
570.874	19.38
571.134	19.16
571.393	19.75
571.653	18.28
571.912	19.5
572.172	19.54
572.431	19.34
572.691	18.7
572.95	18.15
573.21	20.19
573.469	22.7
573.729	25.56
573.988	26.92
574.248	27.09
574.507	28.87
574.767	29.91
575.026	34.02
575.285	37.47
575.545	39.4
575.804	40.56
576.063	41.74
576.323	41.75
576.582	42.67
576.842	46.86
577.101	50.11
577.36	52.19
577.62	54.54
577.879	56.77
578.138	60.55
578.397	63.29
578.657	65.8
578.916	68.4
579.175	70.89
579.435	72.95
579.694	75.11
579.953	77.81
580.212	80.96
580.471	85.75
580.731	88.7
580.99	89.68
581.249	92.81
581.508	94.89
581.767	95.72
582.027	99.03
582.286	103.09
582.545	106.07
582.804	107.71
583.063	111.42
583.322	111.55
583.581	113.29
583.841	114.8
584.1	115.97
584.359	118.81
584.618	122.47
584.877	122.78
585.136	122.16
585.395	121.92
585.654	123.93
585.913	123.05
586.172	125.2
586.431	125.65
586.69	125.18
586.949	125.55
587.208	125.13
587.467	123.46
587.726	124.99
587.985	126.61
588.244	129.13
588.503	127.47
588.762	128.64
589.021	127.2
589.28	127.33
589.539	127.22
589.798	127.17
590.057	124.4
590.316	124.45
590.574	121.4
590.833	118.29
591.092	114.19
591.351	112.26
591.61	107.74
591.869	104.63
592.128	100.48
592.386	98.04
592.645	93.3
592.904	92.72
593.163	87.86
593.422	85.11
593.68	82.11
593.939	77.56
594.198	74.96
594.457	74.22
594.715	71.33
594.974	68.34
595.233	66.62
595.492	63.77
595.75	60.96
596.009	60.31
596.268	57.56
596.526	55.03
596.785	53.83
597.044	51.15
597.302	48.8
597.561	47.16
597.82	45.79
598.078	42.94
598.337	42.5
598.595	42
598.854	39.84
599.113	40.08
599.371	41.56
599.63	43.17
599.888	44.97
600.147	45.14
600.405	44.72
600.664	44.59
600.923	44.15
601.181	42.89
601.44	42.56
601.698	43.83
601.957	43.52
602.215	45.43
602.474	43.47
602.732	42.56
602.99	39.36
603.249	39.99
603.507	40.06
603.766	42.96
604.024	45.71
604.283	46.18
604.541	47.27
604.799	51.09
605.058	52.32
605.316	57.86
605.575	63.78
605.833	72.05
606.091	79.71
606.35	87.58
606.608	95.88
606.866	106.66
607.125	116.73
607.383	126.59
607.641	135.3
607.9	144.99
608.158	155.06
608.416	163.3
608.674	173.81
608.933	182.91
609.191	192.38
609.449	200.17
609.707	209.33
609.966	220.71
610.224	233.13
610.482	243.9
610.74	253.94
610.998	265.05
611.257	277.85
611.515	288.73
611.773	301.02
612.031	311.42
612.289	321.16
612.547	329.85
612.806	338.85
613.064	343.55
613.322	347.29
613.58	352.12
613.838	351.36
614.096	350.35
614.354	347.79
614.612	342.54
614.87	336.62
615.128	329
615.386	318.66
615.644	305.32
615.902	293.24
616.16	281.1
616.418	264.12
616.676	249.23
616.934	232.8
617.192	217.02
617.45	202.08
617.708	188.27
617.966	175.77
618.224	163.61
618.482	153.21
618.74	142.33
618.998	133.73
619.256	127.8
619.514	123.16
619.772	120.5
620.03	118.47
620.287	114.24
620.545	111.35
620.803	109.73
621.061	107.05
621.319	106.27
621.577	104.63
621.834	102.61
622.092	102.56
622.35	100.58
622.608	97.67
622.866	94.02
623.123	94.05
623.381	95.23
623.639	91.71
623.897	89.12
624.154	85.2
624.412	84.76
624.67	84.44
624.928	80.71
625.185	79.88
625.443	77.98
625.701	79.02
625.958	76.19
626.216	70.64
626.474	71.53
626.731	72.02
626.989	71.27
627.247	70.27
627.504	69.01
627.762	67.54
628.02	66.15
628.277	65.58
628.535	62.5
628.792	62.72
629.05	63.53
629.307	63.16
629.565	61.27
629.823	61.84
630.08	59.17
630.338	56.21
630.595	56.22
630.853	55.98
631.11	56.22
631.368	55.36
631.625	54.3
631.883	54.96
632.14	52.8
632.397	51.07
632.655	50.44
632.912	51.25
633.17	51.52
633.427	51.08
633.685	49.56
633.942	48.16
634.199	46.96
634.457	45.73
634.714	41.12
634.972	38.79
635.229	38.01
635.486	33.53
635.744	29.57
636.001	26.87
636.258	23.39
636.516	20.87
636.773	18.83
637.03	18.21
637.288	16.07
637.545	17.32
637.802	17.08
638.059	15.69
638.317	14.77
638.574	14.79
638.831	15.84
639.088	17.54
639.346	16.68
639.603	15.07
639.86	12.88
640.117	10.19
640.374	9.45
640.631	8.4
640.889	7.23
641.146	7.8
641.403	7.99
641.66	6.47
641.917	4.63
642.174	5.37
642.431	5.05
642.689	6.7
642.946	9.53
643.203	6.61
643.46	5.86
643.717	6.45
643.974	6.81
644.231	6.13
644.488	4.25
644.745	3.84
645.002	4.18
645.259	5.51
645.516	4.21
645.773	3.64
646.03	5.91
646.287	6.74
646.544	9.51
646.801	12
647.058	13.73
647.315	15.88
647.572	15.68
647.829	13.2
648.086	12.22
648.343	13.53
648.6	12.8
648.856	11.98
649.113	12.78
649.37	9.95
649.627	6.64
649.884	4.76
650.141	3.92
650.398	4.65
650.654	5.56
650.911	7.82
651.168	6.99
651.425	8.49
651.682	9.53
651.938	9.95
652.195	10.76
652.452	12.44
652.709	14.91
652.965	16.97
653.222	17.92
653.479	20.03
653.736	17.8
653.992	18.39
654.249	16.62
654.506	14.21
654.762	10.97
655.019	10.77
655.276	9.14
655.532	8.33
655.789	8.01
656.046	8.8
656.302	7.92
656.559	7.96
656.816	7.63
657.072	9.41
657.329	12.14
657.585	15.39
657.842	15.72
658.099	15.19
658.355	13.73
658.612	13.16
658.868	10.04
659.125	10.12
659.381	9.09
659.638	8.1
659.894	5.85
660.151	3.73
660.407	2.91
660.664	2.69
660.92	2.36
661.177	1.79
661.433	-0.57
661.69	2.44
661.946	3.4
662.203	3.68
662.459	3.99
662.715	5.42
662.972	7
663.228	5.46
663.485	5.62
663.741	6.4
663.997	10.24
664.254	11.14
664.51	8.45
664.766	7.82
665.023	9.18
665.279	7.52
665.535	5.42
665.792	5.52
666.048	6.1
666.304	6
666.56	7.62
666.817	4.28
667.073	3.98
667.329	4.78
667.586	5.83
667.842	5.45
668.098	7.74
668.354	10.46
668.61	10.07
668.867	9.11
669.123	8.6
669.379	8.05
669.635	9.64
669.891	10.22
670.147	10.71
670.404	8.03
670.66	8.24
670.916	8.18
671.172	6.16
671.428	4.27
671.684	5.71
671.94	5.19
672.196	2.4
672.452	0.43
672.708	1.88
672.965	2.9
673.221	3.87
673.477	1.69
673.733	-0.4
673.989	-0.15
674.245	0.01
674.501	0.18
674.757	-1.06
675.013	0.07
675.269	0.33
675.525	-0.89
675.781	-4.38
676.037	-5.74
676.292	-4.16
676.548	-3.21
676.804	-4.32
677.06	-4.44
677.316	-6.28
677.572	-6.53
677.828	-6.25
678.084	-6.04
678.34	-7.15
678.596	-4.96
678.851	-5.92
679.107	-6.38
679.363	-5.08
679.619	-3.06
679.875	-3.52
680.131	-3.14
680.386	-2.99
680.642	-3.79
680.898	-3.57
681.154	-3.01
681.409	-4.07
681.665	-4.92
681.921	-6.28
682.177	-6.91
682.432	-8.28
682.688	-6.43
682.944	-6.8
683.199	-6.05
683.455	-6.49
683.711	-6.31
683.967	-5.04
684.222	-5.97
684.478	-5.01
684.734	-3.69
684.989	-4.5
685.245	-3.25
685.5	-4.8
685.756	-2.23
686.012	-1.7
686.267	-1.19
686.523	-1.73
686.778	-4.39
687.034	-2.1
687.289	-0.03
687.545	0.58
687.801	0.02
688.056	-1.42
688.312	0.63
688.567	-1.45
688.823	-1.71
689.078	-2.51
689.334	-1.38
689.589	1.28
689.845	0.1
690.1	-0.27
690.355	-1.66
690.611	-0.91
690.866	-0.99
691.122	-2.76
691.377	-3.35
691.633	-2.71
691.888	-1.16
692.143	-3.36
692.399	-5.69
692.654	-5.58
692.909	-5.03
693.165	-5.16
693.42	-6.4
693.675	-6.79
693.931	-5.2
694.186	-4.9
694.441	-7.92
694.697	-9.89
694.952	-9.75
695.207	-10.04
695.463	-12.09
695.718	-13.75
695.973	-11.62
696.228	-8.64
696.484	-8.27
696.739	-6.52
696.994	-4.27
697.249	-2.36
697.504	-1.26
697.76	-2.24
698.015	-1.41
698.27	0.82
698.525	-0.7
698.78	-4.2
699.035	-6.89
699.291	-6.01
699.546	-8.79
699.801	-10
700.056	-10.47
700.311	-11.36
700.566	-9.15
700.821	-8.66
701.076	-10.65
701.331	-7.36
701.586	-3.81
701.841	-2.87
702.096	-1.32
702.351	-2.38
702.606	-2.79
702.862	-1.75
703.117	0.32
703.372	-0.78
703.626	-1.08
703.881	1.86
704.136	2.79
704.391	2.52
704.646	3.87
704.901	3.38
705.156	5.67
705.411	6.25
705.666	7
705.921	7.68
706.176	11.29
706.431	13.27
706.686	14.5
706.94	14.16
707.195	13.91
707.45	13.86
707.705	14.03
707.96	14.64
708.215	15.39
708.469	17.26
708.724	16.81
708.979	15.61
709.234	17.02
709.489	16.31
709.743	17.12
709.998	18.9
710.253	19.01
710.508	19.08
710.762	19.01
711.017	18.61
711.272	17.25
711.527	18.43
711.781	20.6
712.036	19.94
712.291	20.26
712.545	19.12
712.8	16.44
713.055	15.28
713.309	12.24
713.564	10.07
713.818	9.66
714.073	9.66
714.328	6.93
714.582	2.76
714.837	2.13
715.091	-0.15
715.346	-0.48
715.601	-0.52
715.855	-0.5
716.11	2.01
716.364	2.1
716.619	0.83
716.873	-0.47
717.128	-0.1
717.382	-0.26
717.637	-2.35
717.891	-4.2
718.146	-7.36
718.4	-8.39
718.655	-9.71
718.909	-12.76
719.164	-13.53
719.418	-13.05
719.672	-12.63
719.927	-12.13
720.181	-12.84
720.436	-13.68
720.69	-12.49
720.944	-10.92
721.199	-12.1
721.453	-11.94
721.707	-11.18
721.962	-11.57
722.216	-13.72
722.47	-13.2
722.725	-14.31
722.979	-13.81
723.233	-13.7
723.488	-13.51
723.742	-13.62
723.996	-12.87
724.25	-13.45
724.505	-9.74
724.759	-8.74
725.013	-6.86
725.267	-9.95
725.522	-10.31
725.776	-10.41
726.03	-9.14
726.284	-8.29
726.538	-8.53
726.792	-8.27
727.047	-7.14
727.301	-11.13
727.555	-10.02
727.809	-10.76
728.063	-9.58
728.317	-8.5
728.571	-7.76
728.825	-8.54
729.08	-9.21
729.334	-8.64
729.588	-8.89
729.842	-8.77
730.096	-9.81
730.35	-12.22
730.604	-13.35
730.858	-13.47
731.112	-14.63
731.366	-16.28
731.62	-16.67
731.874	-15.79
732.128	-15.85
732.382	-14.18
732.636	-13.19
732.89	-9.07
733.144	-8.9
733.398	-7.96
733.652	-9.02
733.905	-8.63
734.159	-8.84
734.413	-8.15
734.667	-8.83
734.921	-7.98
735.175	-9.06
735.429	-12.55
735.683	-14.8
735.936	-14.35
736.19	-14.93
736.444	-12.99
736.698	-13.39
736.952	-12.02
737.205	-12.02
737.459	-11.85
737.713	-12.17
737.967	-12.5
738.221	-10.04
738.474	-11.64
738.728	-13.59
738.982	-12.7
739.236	-13.1
739.489	-13.43
739.743	-12.77
739.997	-13.57
740.25	-15.7
740.504	-17.84
740.758	-17.16
741.011	-16.77
741.265	-15.04
741.519	-11.75
741.772	-11.64
742.026	-11.52
742.28	-9.17
742.533	-10.15
742.787	-10.69
743.04	-8.88
743.294	-8.27
743.547	-8.84
743.801	-9.32
744.055	-11.34
744.308	-14.01
744.562	-13.29
744.815	-12.04
745.069	-14.29
745.322	-15.6
745.576	-16.17
745.829	-16.52
746.083	-15.59
746.336	-14.9
746.59	-16.24
746.843	-14.03
747.097	-12.11
747.35	-12.4
747.603	-15.35
747.857	-16.04
748.11	-14.23
748.364	-13.46
748.617	-13.39
748.87	-14.96
749.124	-16.29
749.377	-16.71
749.63	-17.28
749.884	-17.22
750.137	-17.2
750.39	-16.96
750.644	-16.39
750.897	-17.72
751.15	-16.07
751.404	-16.23
751.657	-16.19
751.91	-15.03
752.164	-13.85
752.417	-13.5
752.67	-14.07
752.923	-13.43
753.176	-12.26
753.43	-12.44
753.683	-11.4
753.936	-12.28
754.189	-11.16
754.442	-8.6
754.696	-9.37
754.949	-10.08
755.202	-11
755.455	-11.39
755.708	-12.59
755.961	-12.11
756.214	-11.84
756.468	-11.7
756.721	-11.78
756.974	-11.87
757.227	-13.89
757.48	-13.47
757.733	-12.84
757.986	-13.06
758.239	-13.24
758.492	-12.99
758.745	-12.85
758.998	-11.84
759.251	-11.38
759.504	-11.6
759.757	-12.98
760.01	-11.54
760.263	-11.68
760.516	-11.26
760.769	-10.02
761.022	-9.82
761.275	-11.06
761.528	-10.9
761.781	-9.74
762.034	-8.95
762.287	-8.41
762.54	-7.32
762.792	-6.99
763.045	-5.5
763.298	-4.45
763.551	-4.2
763.804	-2.82
764.057	-0.57
764.31	-1.12
764.562	-2.83
764.815	-2.84
765.068	-3.73
765.321	-5.81
765.574	-6.66
765.826	-8.23
766.079	-9.21
766.332	-8.48
766.585	-8.26
766.837	-9.23
767.09	-7.64
767.343	-7.85
767.595	-9.14
767.848	-8.93
768.101	-7.38
768.354	-8.18
768.606	-7.78
768.859	-8.98
769.112	-10.61
769.364	-11.1
769.617	-12.83
769.869	-14.76
770.122	-14.96
770.375	-16.22
770.627	-16.74
770.88	-17.4
771.132	-15.85
771.385	-15.73
771.638	-16.27
771.89	-17.05
772.143	-18.92
772.395	-17.47
772.648	-16.98
772.9	-16
773.153	-13.92
773.405	-13.11
773.658	-12.25
773.91	-12.91
774.163	-12.82
774.415	-10.69
774.668	-9.05
774.92	-6.67
775.173	-6.98
775.425	-7.48
775.677	-6.54
775.93	-6.29
776.182	-5.31
776.435	-5.51
776.687	-5.06
776.939	-5.82
777.192	-6.3
777.444	-7.53
777.696	-7.62
777.949	-7.04
778.201	-7.57
778.453	-9.24
778.706	-10.31
778.958	-11.7
779.21	-11.63
779.463	-12.77
779.715	-12.2
779.967	-12.71
780.219	-12.11
780.472	-15.05
780.724	-16.59
780.976	-14.96
781.228	-13.95
781.481	-15.28
781.733	-15.49
781.985	-15.05
782.237	-14.65
782.489	-15.18
782.741	-14.16
782.994	-14.41
783.246	-11.36
783.498	-9.01
783.75	-9.66
784.002	-11.07
784.254	-10.71
784.506	-10.11
784.758	-9.76
785.011	-8.68
785.263	-8.37
785.515	-9.43
785.767	-8.69
786.019	-11.47
786.271	-12.59
786.523	-12.18
786.775	-11.08
787.027	-8.81
787.279	-9.61
787.531	-10.18
787.783	-9.81
788.035	-11.1
788.287	-10.58
788.539	-9.47
788.791	-7.03
789.043	-6.54
789.295	-8.09
789.546	-6.97
789.798	-7.22
790.05	-4.25
790.302	-4.73
790.554	-5.16
790.806	-3.8
791.058	-3.88
791.31	-5.02
791.561	-5.14
791.813	-6.48
792.065	-5.08
792.317	-7.16
792.569	-8.17
792.821	-9.79
793.072	-8.79
793.324	-9.31
793.576	-7.85
793.828	-6.19
794.079	-6.06
794.331	-6.31
794.583	-3.72
794.835	-3.71
795.086	-2.04
795.338	-1.44
795.59	-0.27
795.841	-0.66
796.093	-0.31
796.345	-2.3
796.596	-4.52
796.848	-4.13
797.1	-3.71
797.351	-5.85
797.603	-6.94
797.855	-7.12
798.106	-7.59
798.358	-8.23
798.609	-7.6
798.861	-8.25
799.113	-8.54
799.364	-7.71
799.616	-9.75
799.867	-10.64
800.119	-6.41
800.37	-4.48
800.622	-4.96
800.873	-5.59
801.125	-7.22
801.376	-7.85
801.628	-5.35
801.879	-4.92
802.131	-5.16
802.382	-3.03
802.634	-2.53
802.885	-6.5
803.137	-7.07
803.388	-5.93
803.639	-5.78
803.891	-5.21
804.142	-4.73
804.394	-6.11
804.645	-4.37
804.896	-6.03
805.148	-6.76
805.399	-6.39
805.65	-6.1
805.902	-6.07
806.153	-7.01
806.404	-6.31
806.656	-5.29
806.907	-6.57
807.158	-4.74
807.409	-5.47
807.661	-3.64
807.912	-3.53
808.163	-3.15
808.414	-3.57
808.666	-3.85
808.917	-4.59
809.168	-6.38
809.419	-6.4
809.67	-3.74
809.922	-6.41
810.173	-6.11
810.424	-6.74
810.675	-6.61
810.926	-6.7
811.177	-5.4
811.428	-5.44
811.68	-4.26
811.931	-3.28
812.182	-4.29
812.433	-6.14
812.684	-6.41
812.935	-6
813.186	-5.13
813.437	-5.55
813.688	-6.19
813.939	-7.92
814.19	-8.14
814.441	-7.39
814.692	-5.56
814.943	-4.81
815.194	-4.48
815.445	-4.72
815.696	-5.8
815.947	-4.23
816.198	-0.71
816.449	-0.85
816.7	3.65
816.951	2.73
817.202	3.89
817.453	3.33
817.704	2.8
817.954	3.49
818.205	5.52
818.456	5.63
818.707	6.91
818.958	4.32
819.209	4.76
819.46	1.9
819.71	4.9
819.961	3.26
820.212	2.14
820.463	2.61
820.714	1.05
820.964	-0.22
821.215	0.66
821.466	-3.08
821.717	-3.73
821.967	-2.71
822.218	-2
822.469	-2.94
822.72	-3.44
822.97	-1.87
823.221	-1.36
823.472	0.93
823.722	0.93
823.973	0.53
824.224	1.71
824.474	3.32
824.725	3.34
824.975	2.55
825.226	2.66
825.477	4.81
825.727	5.52
825.978	5
826.229	4.46
826.479	4.18
826.73	4.48
826.98	4.45
827.231	3.49
827.481	3
827.732	2.75
827.982	1.39
828.233	-1.07
828.483	-3.54
828.734	-3.49
828.984	-3.51
829.235	-3.55
829.485	-1.36
829.736	0.03
829.986	-0.19
830.237	-1.01
830.487	0.42
830.737	1.58
830.988	2.83
831.238	4.42
831.489	7.39
831.739	6.79
831.989	9.09
832.24	7.04
832.49	7.94
832.74	10.03
832.991	12.39
833.241	12.26
833.491	11.22
833.742	11.31
833.992	12.29
834.242	11.02
834.493	10.95
834.743	10.54
834.993	9.08
835.243	8.56
835.494	6.96
835.744	6.39
835.994	7.86
836.244	9.65
836.494	9.35
836.745	8.78
836.995	8.82
837.245	11.01
837.495	10.35
837.745	11.17
837.996	11.98
838.246	11.36
838.496	12.27
838.746	10.98
838.996	10.24
839.246	11.9
839.496	12.67
839.746	11.72
839.996	11.46
840.246	11.46
840.497	13.7
840.747	13.43
840.997	15.62
841.247	15.4
841.497	16.07
841.747	18.78
841.997	20.18
842.247	20.1
842.497	23.07
842.747	24.22
842.997	24.68
843.247	25.22
843.496	25.89
843.746	26.47
843.996	27.03
844.246	27.45
844.496	26.03
844.746	24.7
844.996	24.55
845.246	21.22
845.496	20.12
845.746	21.02
845.995	22.01
846.245	20.95
846.495	21.7
846.745	21.82
846.995	22.96
847.245	25.4
847.494	26.03
847.744	27.37
847.994	31.63
848.244	33.7
848.493	33.68
848.743	31.88
848.993	32.67
849.243	32.31
849.492	33.66
849.742	34.15
849.992	33.1
850.242	34.07
850.491	36.28
850.741	33.82
850.991	33.09
851.24	34.64
851.49	35.99
851.74	36.15
851.989	37.1
852.239	39.05
852.488	39.36
852.738	39.71
852.988	42.37
853.237	42.29
853.487	44.13
853.736	46.75
853.986	48.13
854.235	48.97
854.485	50.23
854.735	51.29
854.984	50.61
855.234	50.76
855.483	51.67
855.733	49.92
855.982	50.48
856.232	51.43
856.481	49.75
856.73	48.56
856.98	50.01
857.229	51.7
857.479	51.45
857.728	51.36
857.978	52.25
858.227	53.1
858.476	54.38
858.726	56.01
858.975	58.55
859.225	58.66
859.474	60.47
859.723	61.94
859.973	61.82
860.222	63.49
860.471	64.19
860.721	66.01
860.97	68.44
861.219	68.23
861.468	68.35
861.718	67.21
861.967	68.51
862.216	70.34
862.465	69.54
862.715	72.01
862.964	71.61
863.213	74.54
863.462	75.37
863.712	74.49
863.961	76.73
864.21	76.44
864.459	77.91
864.708	81.28
864.957	80.43
865.207	83.75
865.456	83.6
865.705	86.27
865.954	85.9
866.203	85.39
866.452	86.08
866.701	86.29
866.95	87.5
867.199	87.2
867.448	87.09
867.698	89.5
867.947	89.17
868.196	90.2
868.445	91.92
868.694	94.85
868.943	97.45
869.192	99.83
869.441	101.06
869.69	102.77
869.939	105.67
870.188	106.08
870.436	107.58
870.685	109.37
870.934	110.48
871.183	112.59
871.432	112.14
871.681	113.19
871.93	114.57
872.179	115.58
872.428	115.96
872.677	117.78
872.925	121.59
873.174	123.59
873.423	127.75
873.672	130.97
873.921	131.66
874.17	135.74
874.418	138.19
874.667	140.43
874.916	143.81
875.165	148.81
875.413	151.78
875.662	153.53
875.911	156.51
876.16	158.01
876.408	163.61
876.657	167.26
876.906	170.38
877.155	174.29
877.403	178.9
877.652	185.61
877.901	191.81
878.149	198.77
878.398	205.54
878.647	212.1
878.895	219.16
879.144	224.05
879.392	231.98
879.641	239.82
879.89	248.25
880.138	258.21
880.387	264.14
880.635	270.85
880.884	279.52
881.132	289.84
881.381	300.73
881.63	310.08
881.878	319.45
882.127	330.1
882.375	339.57
882.624	351.95
882.872	362.47
883.121	374.55
883.369	387.3
883.617	400.02
883.866	411.78
884.114	423.45
884.363	436.18
884.611	452.11
884.86	464.92
885.108	480.46
885.356	495.14
885.605	509.72
885.853	526.85
886.102	544.64
886.35	559.2
886.598	573.65
886.847	588.93
887.095	604.87
887.343	619.08
887.592	635.6
887.84	650.22
888.088	666.2
888.336	681.19
888.585	696.77
888.833	710.51
889.081	725.53
889.329	744.39
889.578	761.5
889.826	776.15
890.074	792.51
890.322	807.8
890.571	823.95
890.819	838.26
891.067	853.92
891.315	868.5
891.563	884.71
891.811	900.71
892.06	913.34
892.308	928.48
892.556	945.21
892.804	960.64
893.052	976.6
893.3	991.92
893.548	1006.91
893.796	1022.99
894.044	1037.36
894.292	1050.49
894.54	1064.49
894.788	1080.11
895.036	1092.59
895.284	1106.76
895.533	1117.78
895.781	1130.07
896.028	1144.41
896.276	1155.42
896.524	1166.14
896.772	1176.24
897.02	1189.56
897.268	1202.82
897.516	1214.11
897.764	1227.67
898.012	1238.16
898.26	1249.16
898.508	1259.13
898.756	1269.53
899.004	1282.55
899.252	1294.97
899.499	1308.86
899.747	1316.65
899.995	1324.05
900.243	1334.11
900.491	1342.36
900.739	1351.36
900.986	1363.07
901.234	1376.49
901.482	1387.22
901.73	1397.05
901.978	1405.01
902.225	1416.83
902.473	1429.74
902.721	1443.1
902.968	1454.66
903.216	1466.52
903.464	1480.52
903.712	1493.81
903.959	1506.86
904.207	1519.66
904.455	1535.53
904.702	1552.97
904.95	1566.31
905.198	1580.37
905.445	1597.23
905.693	1614.8
905.941	1632.77
906.188	1652.08
906.436	1673.77
906.683	1694.79
906.931	1716.18
907.178	1735.2
907.426	1756.38
907.674	1778.12
907.921	1801.71
908.169	1823.64
908.416	1848.42
908.664	1876.29
908.911	1902.7
909.159	1926.43
909.406	1951.57
909.654	1979.69
909.901	2005.76
910.149	2032.73
910.396	2062.43
910.644	2093.8
910.891	2121.94
911.138	2148.35
911.386	2172.03
911.633	2193.63
911.881	2217.43
912.128	2240.13
912.375	2260.25
912.623	2284.45
912.87	2304.51
913.117	2320.5
913.365	2334.87
913.612	2348.49
913.859	2359.66
914.107	2370.1
914.354	2381.56
914.601	2386.31
914.849	2388.81
915.096	2391.68
915.343	2389.06
915.59	2385.39
915.838	2379.23
916.085	2369.74
916.332	2360.32
916.579	2349.76
916.827	2336.93
917.074	2319.05
917.321	2303
917.568	2282.2
917.815	2254.02
918.062	2228.87
918.31	2201.96
918.557	2174.3
918.804	2142.31
919.051	2107.74
919.298	2073.54
919.545	2036.26
919.792	1998.92
920.039	1959.32
920.286	1920.2
920.534	1881.72
920.781	1838.55
921.028	1797.62
921.275	1754.18
921.522	1711.35
921.769	1668.95
922.016	1624.81
922.263	1582.35
922.51	1538.65
922.757	1494.14
923.004	1451.74
923.251	1410.7
923.498	1369.09
923.745	1325.63
923.992	1284.12
924.238	1244.52
924.485	1206.31
924.732	1165.21
924.979	1123.01
925.226	1084.79
925.473	1048.3
925.72	1011.45
925.967	975.69
926.214	944.39
926.46	912.89
926.707	881.96
926.954	853.01
927.201	821.93
927.448	793.56
927.694	767.86
927.941	741.18
928.188	715.65
928.435	688.15
928.682	662.39
928.928	636.58
929.175	613.62
929.422	591.71
929.668	569.58
929.915	548.28
930.162	526.9
930.409	507.41
930.655	487.62
930.902	470.41
931.149	454.64
931.395	438.98
931.642	423.28
931.889	407.53
932.135	390.77
932.382	374.3
932.628	360.6
932.875	348.6
933.122	335.58
933.368	325.35
933.615	311.66
933.861	301.06
934.108	289.76
934.354	279.33
934.601	267.86
934.847	260.31
935.094	252.91
935.34	244.58
935.587	237.28
935.833	230.22
936.08	221.2
936.326	214.45
936.573	207.04
936.819	200.12
937.066	193.33
937.312	187.84
937.559	182.15
937.805	176.22
938.051	170.86
938.298	163.63
938.544	157.08
938.791	152.52
939.037	148.77
939.283	144.55
939.53	139.28
939.776	135.59
940.022	130.37
940.269	125.11
940.515	118.71
940.761	113.54
941.007	110.51
941.254	107.44
941.5	104.25
941.746	99.81
941.993	95.25
942.239	94.26
942.485	90.12
942.731	87.16
942.977	83.32
943.224	82.54
943.47	79.73
943.716	76.42
943.962	75.1
944.208	71.39
944.455	67.34
944.701	65.84
944.947	62.61
945.193	61.67
945.439	59.13
945.685	57.86
945.931	53.39
946.177	51.86
946.423	48.22
946.67	44.56
946.916	42.12
947.162	41.29
947.408	38.73
947.654	36.69
947.9	33.91
948.146	33.56
948.392	31.22
948.638	31.47
948.884	30.16
949.13	31.03
949.376	29.84
949.622	30.24
949.868	28.78
950.114	29.42
950.359	29.61
950.605	28.17
950.851	27.35
951.097	25.43
951.343	24.56
951.589	25.02
951.835	23.94
952.081	24.18
952.327	24.4
952.572	24.91
952.818	23.87
953.064	22.5
953.31	21.97
953.556	20.66
953.802	21.23
954.047	19.63
954.293	16.37
954.539	15.66
954.785	13.86
955.03	10.82
955.276	9.19
955.522	7.1
955.768	5.42
956.013	5.4
956.259	5.47
956.505	6.17
956.75	7.63
956.996	9.88
957.242	8.71
957.487	10.05
957.733	10.55
957.979	9.58
958.224	9.57
958.47	11.13
958.716	12.39
958.961	11.42
959.207	8.68
959.452	5.07
959.698	3.1
959.943	3.06
960.189	2.58
960.435	2.54
960.68	3.46
960.926	4.13
961.171	1.39
961.417	-1.14
961.662	-1.16
961.908	-0.92
962.153	0.74
962.399	0.1
962.644	1.14
962.89	0.09
963.135	-0.21
963.38	1
963.626	0.3
963.871	1.02
964.117	0.51
964.362	-0.03
964.607	0.43
964.853	0.7
965.098	0.11
965.344	-1.53
965.589	-1.06
965.834	-0.81
966.08	-3.13
966.325	-4.44
966.57	-5.84
966.815	-4.14
967.061	-3.54
967.306	-2.48
967.551	-3.76
967.797	-4.22
968.042	-4.24
968.287	-5.71
968.532	-5.67
968.777	-4.44
969.023	-2.59
969.268	-0.8
969.513	0.2
969.758	-1.68
970.003	-2.31
970.249	-1.59
970.494	-0.36
970.739	0.03
970.984	-0.63
971.229	-2.2
971.474	-3.12
971.719	-3.59
971.965	-3.8
972.21	-6.28
972.455	-4.4
972.7	-5.14
972.945	-6.56
973.19	-6.91
973.435	-7.03
973.68	-6.33
973.925	-5.35
974.17	-6.85
974.415	-8.72
974.66	-10.8
974.905	-10.48
975.15	-11.02
975.395	-10.21
975.64	-6.29
975.885	-5.91
976.13	-5.67
976.375	-5.37
976.62	-5.19
976.865	-3.3
977.109	-1.95
977.354	1.61
977.599	1.85
977.844	1.69
978.089	0.39
978.334	-1.75
978.579	-1.7
978.824	-1.4
979.068	-1.83
979.313	-2.46
979.558	-2.26
979.803	-2.21
980.048	-3.26
980.292	-4.28
980.537	-5.49
980.782	-5.43
981.027	-4.9
981.271	-4.57
981.516	-4.65
981.761	-4.81
982.006	-6.52
982.25	-6.88
982.495	-6.64
982.74	-7.25
982.984	-6.11
983.229	-4.42
983.474	-3.74
983.718	-4.12
983.963	-3.28
984.208	-3.61
984.452	-4.13
984.697	-2.59
984.941	-2.93
985.186	-2.97
985.431	-4.04
985.675	-5.59
985.92	-6.79
986.164	-6.93
986.409	-8.81
986.653	-11.89
986.898	-10.85
987.142	-10.82
987.387	-10.84
987.631	-11.27
987.876	-13.19
988.12	-13.11
988.365	-12.64
988.609	-10.75
988.854	-11.31
989.098	-11.22
989.343	-9.39
989.587	-11.14
989.831	-9.57
990.076	-10.62
990.32	-11.24
990.565	-11.54
990.809	-12.12
991.053	-13.72
991.298	-16.32
991.542	-16.08
991.786	-15.27
992.031	-15.87
992.275	-15.68
992.519	-15.87
992.764	-14.91
993.008	-14.71
993.252	-12.67
993.496	-12.07
993.741	-9.66
993.985	-8.65
994.229	-8.77
994.473	-9.77
994.718	-9.91
994.962	-9.61
995.206	-12.26
995.45	-11.08
995.694	-10.12
995.939	-9.41
996.183	-9.29
996.427	-12.38
996.671	-14.01
996.915	-14.87
997.159	-13.61
997.403	-12.57
997.647	-12.74
997.892	-10.55
998.136	-11.94
998.38	-13.01
998.624	-13.59
998.868	-13.12
999.112	-11.47
999.356	-10.05
999.6	-10.24
999.844	-10.1
1000.088	-9.79
1000.332	-9.03
1000.576	-9.82
1000.82	-9.8
1001.064	-9.62
1001.308	-10.02
1001.552	-10.56
1001.796	-11.5
1002.04	-12
1002.284	-11.19
1002.528	-11.58
1002.771	-12.07
1003.015	-12.23
1003.259	-11.7
1003.503	-11.15
1003.747	-9.37
1003.991	-9.35
1004.235	-10.14
1004.479	-8.6
1004.722	-8.12
1004.966	-8.83
1005.21	-9.49
1005.454	-10.53
1005.698	-11.15
1005.941	-11.79
1006.185	-11.66
1006.429	-13.5
1006.673	-14.34
1006.916	-13.31
1007.16	-12.49
1007.404	-11.24
1007.648	-9.27
1007.891	-8.45
1008.135	-6.87
1008.379	-5.63
1008.622	-4.13
1008.866	-3.46
1009.11	-4.15
1009.353	-2.54
1009.597	-2.17
1009.841	-2.08
1010.084	-3.29
1010.328	-5.08
1010.571	-4.55
1010.815	-5.01
1011.059	-5.84
1011.302	-6.75
1011.546	-5.62
1011.789	-4.2
1012.033	-5.82
1012.276	-6.05
1012.52	-6.3
1012.763	-1.96
1013.007	-1.44
1013.25	-1.9
1013.494	-3.71
1013.737	-4.63
1013.981	-4.95
1014.224	-9.06
1014.468	-9.52
1014.711	-8.19
1014.955	-8.04
1015.198	-7.47
1015.441	-11.52
1015.685	-10.94
1015.928	-11.64
1016.172	-10.16
1016.415	-8.9
1016.658	-9.82
1016.902	-8.61
1017.145	-9.28
1017.388	-8.91
1017.632	-8.31
1017.875	-10.05
1018.118	-11.66
1018.362	-11.15
1018.605	-10.74
1018.848	-11.42
1019.091	-13.19
1019.335	-13.15
1019.578	-10.95
1019.821	-8.94
1020.064	-10.56
1020.308	-10.78
1020.551	-10.43
1020.794	-10.35
1021.037	-11.38
1021.28	-11.13
1021.524	-10.83
1021.767	-9.16
1022.01	-8.95
1022.253	-9.79
1022.496	-12.82
1022.739	-13.16
1022.982	-14.83
1023.226	-13.58
1023.469	-12.25
1023.712	-9.9
1023.955	-9.4
1024.198	-9.14
1024.441	-9.92
1024.684	-9.63
1024.927	-12.26
1025.17	-10.77
1025.413	-10.88
1025.656	-11.61
1025.899	-13.36
1026.142	-13.89
1026.385	-16.3
1026.628	-17.89
1026.871	-18.62
1027.114	-18.87
1027.357	-19.6
1027.6	-19.06
1027.843	-18.32
1028.086	-17.23
1028.329	-15.07
1028.571	-15.37
1028.814	-15.81
1029.057	-15.84
1029.3	-16.36
1029.543	-16.1
1029.786	-16.42
1030.029	-17.2
1030.271	-16.31
1030.514	-18
1030.757	-20.07
1031	-23.14
1031.243	-22.27
1031.485	-21.4
1031.728	-19.56
1031.971	-17.8
1032.214	-19.13
1032.456	-18.84
1032.699	-16.28
1032.942	-15.54
1033.185	-14.88
1033.427	-13.59
1033.67	-11.96
1033.913	-10.56
1034.155	-10.19
1034.398	-12.5
1034.641	-10.34
1034.883	-8.14
1035.126	-6.98
1035.369	-7.34
1035.611	-6.5
1035.854	-5.86
1036.096	-4.49
1036.339	-4.1
1036.582	-4.96
1036.824	-5.73
1037.067	-3.32
1037.309	-6.38
1037.552	-6.26
1037.794	-4.32
1038.037	-4.68
1038.279	-5.79
1038.522	-5.9
1038.764	-5.68
1039.007	-4.3
1039.249	-5.42
1039.492	-5.52
1039.734	-6.13
1039.977	-6.9
1040.219	-9.14
1040.462	-12.7
1040.704	-13
1040.946	-13.45
1041.189	-13.64
1041.431	-15.25
1041.674	-16.25
1041.916	-15.08
1042.158	-13.01
1042.401	-14.62
1042.643	-14.52
1042.885	-12.17
1043.128	-10.7
1043.37	-10.79
1043.612	-10.33
1043.855	-9.79
1044.097	-9.59
1044.339	-9.51
1044.581	-10.4
1044.824	-12.4
1045.066	-12.85
1045.308	-12.03
1045.55	-13.06
1045.793	-14.67
1046.035	-14.01
1046.277	-14.89
1046.519	-15.28
1046.761	-16.2
1047.003	-17.27
1047.246	-16.36
1047.488	-14.35
1047.73	-13.12
1047.972	-9.96
1048.214	-8.89
1048.456	-6.99
1048.698	-5.79
1048.94	-4.91
1049.183	-1.99
1049.425	-0.97
1049.667	-0.68
1049.909	0.16
1050.151	0.99
1050.393	0.61
1050.635	-1.04
1050.877	-1.25
1051.119	-2.4
1051.361	-3.57
1051.603	-3.87
1051.845	-7.15
1052.087	-6.75
1052.329	-5.46
1052.571	-4.46
1052.813	-6.21
1053.054	-5.89
1053.296	-6.82
1053.538	-8.03
1053.78	-7.09
1054.022	-7.7
1054.264	-7.15
1054.506	-7.72
1054.748	-8.64
1054.99	-8.19
1055.231	-11.16
1055.473	-11.63
1055.715	-12.85
1055.957	-12.94
1056.199	-12.15
1056.44	-11.77
1056.682	-12.46
1056.924	-13.64
1057.166	-12.49
1057.408	-12.49
1057.649	-13.44
1057.891	-13.94
1058.133	-13.03
1058.374	-10.28
1058.616	-10.86
1058.858	-12.29
1059.1	-15.28
1059.341	-14.17
1059.583	-13.89
1059.825	-12.47
1060.066	-12.1
1060.308	-11.06
1060.549	-10.37
1060.791	-10.74
1061.033	-12.27
1061.274	-11.87
1061.516	-10.93
1061.757	-9.12
1061.999	-10.35
1062.241	-10.55
1062.482	-12.86
1062.724	-14.14
1062.965	-15.25
1063.207	-14.52
1063.448	-16.21
1063.69	-15.6
1063.931	-15.4
1064.173	-16
1064.414	-15.41
1064.656	-15.13
1064.897	-15.02
1065.139	-14.43
1065.38	-12.66
1065.621	-12.24
1065.863	-11.11
1066.104	-10.47
1066.346	-11.77
1066.587	-11.26
1066.828	-9.01
1067.07	-8.59
1067.311	-6.84
1067.552	-7.41
1067.794	-6.42
1068.035	-6.15
1068.276	-7.27
1068.518	-9.32
1068.759	-10.15
1069	-8.16
1069.242	-7.31
1069.483	-5.5
1069.724	-6.33
1069.965	-7.78
1070.207	-6.28
1070.448	-5.17
1070.689	-4.64
1070.93	-2.68
1071.172	-1.36
1071.413	0.04
1071.654	-1.75
1071.895	-2.64
1072.136	-6.77
1072.377	-6.75
1072.619	-5.62
1072.86	-5.78
1073.101	-9.42
1073.342	-9.7
1073.583	-11
1073.824	-11.8
1074.065	-12.73
1074.306	-12.73
1074.547	-14.57
1074.788	-13.5
1075.029	-13.3
1075.271	-14.22
1075.512	-15.9
1075.753	-13.75
1075.994	-14.09
1076.235	-15.39
1076.476	-16.13
1076.717	-15.65
1076.958	-16.61
1077.199	-15.93
1077.439	-16.38
1077.68	-16.81
1077.921	-14.65
1078.162	-12.92
1078.403	-13.53
1078.644	-15.12
1078.885	-13.46
1079.126	-13.83
1079.367	-12.19
1079.608	-10.92
1079.848	-11
1080.089	-12.16
1080.33	-12.27
1080.571	-14.65
1080.812	-15.97
1081.053	-16.01
1081.293	-15.13
1081.534	-14.81
1081.775	-13.79
1082.016	-15.65
1082.257	-15.34
1082.497	-14
1082.738	-11.41
1082.979	-10.91
1083.219	-10.28
1083.46	-10.26
1083.701	-10.08
1083.942	-7.08
1084.182	-9.02
1084.423	-10.34
1084.664	-10.64
1084.904	-10.86
1085.145	-11.91
1085.386	-11.84
1085.626	-12.16
1085.867	-13.23
1086.107	-13.57
1086.348	-12.84
1086.589	-15.5
1086.829	-15.05
1087.07	-13.01
1087.31	-12.15
1087.551	-12.35
1087.791	-12.77
1088.032	-14.53
1088.272	-15.1
1088.513	-13.42
1088.753	-12.2
1088.994	-13.93
1089.234	-14.75
1089.475	-14.01
1089.715	-14.89
1089.956	-16.31
1090.196	-15.13
1090.437	-15.36
1090.677	-14.58
1090.917	-13.83
1091.158	-14.75
1091.398	-14.61
1091.639	-14.11
1091.879	-12.76
1092.119	-12.88
1092.36	-11.95
1092.6	-11.26
1092.84	-13.06
1093.081	-10.27
1093.321	-10.31
1093.561	-8.55
1093.802	-9.56
1094.042	-11.5
1094.282	-11.2
1094.522	-12.68
1094.763	-13.23
1095.003	-13.71
1095.243	-12.61
1095.483	-11.73
1095.724	-13.16
1095.964	-13.92
1096.204	-17.05
1096.444	-16.21
1096.684	-13.96
1096.925	-15.01
1097.165	-14.89
1097.405	-15.56
1097.645	-16.24
1097.885	-16.37
1098.125	-16.99
1098.365	-18.62
1098.605	-16.46
1098.846	-14.95
1099.086	-13.16
1099.326	-12.66
1099.566	-12.09
1099.806	-9.58
1100.046	-8.52
1100.286	-7.94
1100.526	-9.79
1100.766	-9.38
1101.006	-7.91
1101.246	-10.84
1101.486	-11.43
1101.726	-13.16
1101.966	-13.84
1102.206	-13.64
1102.446	-15.23
1102.686	-15.96
1102.926	-14.67
1103.166	-13.35
1103.405	-13.16
1103.645	-14.19
1103.885	-12.99
1104.125	-14.5
1104.365	-14.26
1104.605	-14.94
1104.845	-15.08
1105.085	-14.44
1105.324	-14.29
1105.564	-15.77
1105.804	-15.81
1106.044	-14.71
1106.284	-11.75
1106.523	-10.3
1106.763	-7.85
1107.003	-7.19
1107.243	-7.5
1107.482	-5.61
1107.722	-6.59
1107.962	-5.09
1108.202	-3.28
1108.441	-3.4
1108.681	-4.93
1108.921	-6.77
1109.16	-8.69
1109.4	-8.59
1109.64	-10.08
1109.879	-8.56
1110.119	-9.3
1110.359	-8.34
1110.598	-9.04
1110.838	-11.49
1111.077	-11.36
1111.317	-11.3
1111.557	-11.3
1111.796	-11.28
1112.036	-12.3
1112.275	-12.12
1112.515	-11.05
1112.754	-10.87
1112.994	-13.52
1113.233	-12.39
1113.473	-11.92
1113.712	-11.84
1113.952	-11
1114.191	-11.45
1114.431	-11.42
1114.67	-11.67
1114.91	-8.88
1115.149	-12.32
1115.389	-13
1115.628	-10.13
1115.867	-10.14
1116.107	-9.4
1116.346	-9.5
1116.585	-9.65
1116.825	-8.55
1117.064	-7.09
1117.304	-7.76
1117.543	-11.07
1117.782	-10.42
1118.021	-9.42
1118.261	-10.73
1118.5	-13.28
1118.739	-14.81
1118.979	-15.33
1119.218	-16.52
1119.457	-18.5
1119.696	-19.73
1119.936	-19.3
1120.175	-17.93
1120.414	-15.75
1120.653	-17.36
1120.893	-17.79
1121.132	-14.33
1121.371	-12.58
1121.61	-11.22
1121.849	-11.02
1122.088	-11.63
1122.328	-11.28
1122.567	-12.4
1122.806	-12.19
1123.045	-13.6
1123.284	-13.47
1123.523	-13.12
1123.762	-14.13
1124.001	-15.04
1124.24	-15.8
1124.479	-14.55
1124.718	-13.21
1124.957	-14.99
1125.196	-13.01
1125.435	-14.14
1125.674	-15.93
1125.913	-15.92
1126.152	-16.84
1126.391	-18.24
1126.63	-20.13
1126.869	-20.76
1127.108	-22.75
1127.347	-23.69
1127.586	-22.42
1127.825	-24.28
