Data from HR4C45961_13-04-40-991.txt Node
195.373	-26.36
195.645	-22.75
195.916	-19.5
196.187	-17.22
196.459	-15.64
196.73	-14.24
197.002	-9.85
197.273	-5.54
197.544	-1.32
197.816	-0.17
198.087	0.15
198.358	0.41
198.63	0.42
198.901	0.27
199.172	0.12
199.444	0.2
199.715	0.37
199.986	0.45
200.257	0.26
200.529	0.22
200.8	-0
201.071	0.05
201.343	0.51
201.614	0.77
201.885	0.28
202.156	0.37
202.427	0.4
202.699	0.21
202.97	-0.11
203.241	0.24
203.512	0.23
203.783	0.52
204.055	0.26
204.326	-0.23
204.597	-0.22
204.868	0.11
205.139	-0.12
205.41	-0.05
205.681	0.07
205.952	0.27
206.224	0.16
206.495	0.41
206.766	0.76
207.037	0.98
207.308	1.3
207.579	1.21
207.85	1.17
208.121	1.45
208.392	1.62
208.663	1.64
208.934	1.49
209.205	1.25
209.476	1.39
209.747	1.21
210.018	1.64
210.289	1.63
210.56	1.82
210.831	2.19
211.102	2.13
211.373	2.19
211.644	2.2
211.915	2.24
212.186	2.49
212.457	2.2
212.728	1.87
212.999	1.23
213.269	1.14
213.54	1.02
213.811	0.76
214.082	0.7
214.353	0.44
214.624	0.62
214.895	1.02
215.165	1.05
215.436	1.4
215.707	1.76
215.978	1.94
216.249	1.76
216.52	1.71
216.79	1.72
217.061	1.89
217.332	1.93
217.603	1.77
217.873	1.43
218.144	1.3
218.415	1.03
218.686	0.52
218.956	0.4
219.227	0.51
219.498	0.6
219.768	0.43
220.039	0.02
220.31	-0.01
220.58	0.11
220.851	0.1
221.122	0.08
221.392	0.24
221.663	0.66
221.934	0.85
222.204	0.99
222.475	0.95
222.746	1.19
223.016	1.63
223.287	1.89
223.557	1.61
223.828	1.62
224.098	1.68
224.369	1.55
224.64	1.84
224.91	1.77
225.181	1.62
225.451	1.54
225.722	1.29
225.992	1.35
226.263	1.44
226.533	2.08
226.804	2.54
227.074	2.49
227.345	2.45
227.615	1.96
227.886	2.06
228.156	1.99
228.426	2.08
228.697	2.39
228.967	2.21
229.238	1.78
229.508	1.19
229.779	0.75
230.049	0.72
230.319	0.74
230.59	0.72
230.86	0.48
231.13	0.66
231.401	0.59
231.671	0.35
231.941	0.54
232.212	0.71
232.482	0.63
232.752	0.78
233.023	0.6
233.293	0.23
233.563	0.55
233.834	0.58
234.104	0.13
234.374	0.35
234.644	0.38
234.915	0.58
235.185	0.22
235.455	0.52
235.725	0.54
235.995	0.62
236.266	0.82
236.536	0.91
236.806	1.05
237.076	1.44
237.346	1.06
237.616	1.27
237.887	0.84
238.157	1.29
238.427	0.9
238.697	0.49
238.967	0.82
239.237	0.78
239.507	0.49
239.777	0.42
240.048	0.51
240.318	0.44
240.588	0.23
240.858	0.08
241.128	-0.18
241.398	0.14
241.668	0.09
241.938	-0.1
242.208	-0.07
242.478	-0.31
242.748	-0.45
243.018	-0.88
243.288	-0.71
243.558	-0.59
243.828	-0.43
244.098	-0.52
244.368	-0.66
244.638	-0.31
244.908	-0.48
245.178	-0.26
245.448	-0.01
245.718	0.01
245.987	0.55
246.257	0.65
246.527	0.32
246.797	0.37
247.067	0.45
247.337	0.33
247.607	0.77
247.877	0.91
248.146	0.67
248.416	0.67
248.686	0.63
248.956	0.26
249.226	0.21
249.496	0.13
249.765	-0.03
250.035	-0.08
250.305	-0.08
250.575	-0.46
250.844	-0.22
251.114	-0.17
251.384	-0.31
251.654	-0.2
251.923	0.01
252.193	0.22
252.463	0.59
252.732	0.89
253.002	1.09
253.272	1.18
253.542	1.1
253.811	0.87
254.081	0.79
254.351	0.84
254.62	0.65
254.89	0.69
255.159	0.12
255.429	-0.08
255.699	-0.25
255.968	-0.38
256.238	-0.34
256.507	-0.41
256.777	-0.71
257.047	-0.78
257.316	-0.52
257.586	-0.21
257.855	-0.27
258.125	-0.07
258.394	0.1
258.664	0.23
258.933	0.1
259.203	0.14
259.472	0.06
259.742	0.42
260.011	0.54
260.281	0.06
260.55	0.01
260.82	0.16
261.089	0.33
261.359	0.51
261.628	0.41
261.898	0.59
262.167	0.31
262.436	0.36
262.706	0.34
262.975	0.24
263.245	0.39
263.514	0.28
263.783	-0.2
264.053	-0.58
264.322	-0.72
264.591	-0.71
264.861	-0.6
265.13	-0.48
265.399	-0.73
265.669	-0.85
265.938	-0.6
266.207	-0.54
266.477	-0.39
266.746	-0.06
267.015	0.11
267.284	-0.1
267.554	-0.26
267.823	-0.35
268.092	-0.39
268.361	-0.39
268.631	-0.54
268.9	-0.94
269.169	-0.96
269.438	-1.07
269.707	-1.28
269.977	-1.31
270.246	-1.48
270.515	-1.55
270.784	-1.43
271.053	-1.47
271.322	-1.35
271.591	-1.39
271.861	-1.23
272.13	-1.31
272.399	-1.51
272.668	-1.78
272.937	-1.97
273.206	-1.76
273.475	-1.64
273.744	-1.91
274.013	-1.79
274.282	-1.47
274.551	-1.26
274.82	-1.47
275.089	-1.49
275.358	-1.36
275.627	-1.09
275.896	-0.74
276.165	-0.51
276.434	-0.57
276.703	-0.35
276.972	-0.59
277.241	-0.72
277.51	-0.88
277.779	-0.84
278.048	-0.96
278.317	-1.07
278.586	-0.9
278.855	-0.8
279.124	-0.98
279.393	-1.1
279.662	-1.13
279.93	-1.02
280.199	-1.27
280.468	-1.3
280.737	-1.15
281.006	-1.05
281.275	-1
281.544	-1.32
281.812	-1.88
282.081	-2.01
282.35	-1.89
282.619	-1.92
282.888	-2.13
283.156	-2.16
283.425	-1.79
283.694	-1.9
283.963	-2.23
284.231	-2.15
284.5	-2
284.769	-1.82
285.038	-1.68
285.306	-1.64
285.575	-1.71
285.844	-1.76
286.112	-1.87
286.381	-1.94
286.65	-1.31
286.918	-0.67
287.187	-0.71
287.456	-0.79
287.724	-0.76
287.993	-1.13
288.262	-1.09
288.53	-1.06
288.799	-0.54
289.067	-0.64
289.336	-0.81
289.604	-1.22
289.873	-1.21
290.142	-0.98
290.41	-0.87
290.679	-1.01
290.947	-0.65
291.216	-0.79
291.484	-0.9
291.753	-1.17
292.021	-1.02
292.29	-1.25
292.558	-1.53
292.827	-1.71
293.095	-2.05
293.364	-2.31
293.632	-2.21
293.901	-2.19
294.169	-1.79
294.438	-1.71
294.706	-1.62
294.974	-1.53
295.243	-1.33
295.511	-1.2
295.78	-1.33
296.048	-1.31
296.316	-1.21
296.585	-1.14
296.853	-1.46
297.121	-2
297.39	-2.33
297.658	-2.58
297.926	-2.48
298.195	-2.35
298.463	-2.11
298.731	-2.26
299	-2.37
299.268	-2.24
299.536	-2.31
299.804	-2.26
300.073	-2.35
300.341	-2.09
300.609	-1.77
300.877	-1.8
301.146	-2.01
301.414	-2.46
301.682	-2.28
301.95	-2.14
302.218	-2.09
302.487	-2.1
302.755	-2.17
303.023	-1.93
303.291	-1.77
303.559	-1.83
303.827	-2.05
304.096	-2.35
304.364	-2.23
304.632	-2.24
304.9	-2.03
305.168	-1.95
305.436	-1.91
305.704	-1.63
305.972	-1.26
306.24	-1.11
306.508	-1.18
306.776	-0.95
307.045	-0.65
307.313	-0.69
307.581	-0.82
307.849	-1.15
308.117	-1.52
308.385	-1.33
308.653	-1.21
308.921	-1.71
309.189	-1.98
309.457	-1.97
309.724	-2.01
309.992	-1.73
310.26	-1.71
310.528	-1.98
310.796	-2.08
311.064	-1.84
311.332	-1.89
311.6	-1.91
311.868	-1.87
312.136	-1.86
312.404	-1.75
312.672	-1.87
312.939	-1.92
313.207	-1.66
313.475	-1.13
313.743	-0.94
314.011	-1.02
314.279	-1.01
314.546	-0.9
314.814	-0.91
315.082	-1.06
315.35	-0.78
315.618	-0.71
315.885	-0.86
316.153	-0.82
316.421	-0.76
316.689	-0.81
316.956	-0.84
317.224	-0.8
317.492	-1.19
317.759	-0.88
318.027	-0.74
318.295	-1.49
318.563	-1.62
318.83	-1.68
319.098	-1.77
319.366	-2.01
319.633	-1.9
319.901	-1.87
320.169	-1.98
320.436	-1.94
320.704	-2.21
320.971	-2.26
321.239	-1.91
321.507	-1.43
321.774	-1.16
322.042	-1.18
322.309	-0.92
322.577	-0.82
322.844	-0.4
323.112	-0.17
323.38	-0.14
323.647	0.04
323.915	-0.03
324.182	0.07
324.45	-0.46
324.717	-0.67
324.985	-0.83
325.252	-1.3
325.52	-1.17
325.787	-1.61
326.054	-1.68
326.322	-1.76
326.589	-2.06
326.857	-2.06
327.124	-2.17
327.392	-1.75
327.659	-1.92
327.926	-1.89
328.194	-1.51
328.461	-1.6
328.729	-1.7
328.996	-1.72
329.263	-1.81
329.531	-1.36
329.798	-1.2
330.065	-1.29
330.333	-1.44
330.6	-1.42
330.867	-1.4
331.135	-1.94
331.402	-2.32
331.669	-2.2
331.936	-2.52
332.204	-2.28
332.471	-2.7
332.738	-2.99
333.005	-2.97
333.273	-2.96
333.54	-2.77
333.807	-2.53
334.074	-2.07
334.341	-1.95
334.609	-1.96
334.876	-1.89
335.143	-2.08
335.41	-1.81
335.677	-1.47
335.944	-1.31
336.212	-1.14
336.479	-1.06
336.746	-1.13
337.013	-1.21
337.28	-1.25
337.547	-1.18
337.814	-1.15
338.081	-0.73
338.348	-0.59
338.616	-0.72
338.883	-0.68
339.15	-0.82
339.417	-0.82
339.684	-0.87
339.951	-0.64
340.218	-0.51
340.485	-0.59
340.752	-0.49
341.019	-0.31
341.286	-0.28
341.553	-0.29
341.82	-0.22
342.087	-0.27
342.354	-0.14
342.62	-0.16
342.887	-0.16
343.154	0.04
343.421	0.38
343.688	0.21
343.955	-0.34
344.222	-0.52
344.489	-0.39
344.756	-0.58
345.023	-0.69
345.289	-1.02
345.556	-0.73
345.823	-1.07
346.09	-1.02
346.357	-1.3
346.624	-0.88
346.89	-0.77
347.157	-0.9
347.424	-0.72
347.691	-0.79
347.958	-0.75
348.224	-0.75
348.491	-0.9
348.758	-0.66
349.025	-0.99
349.291	-0.98
349.558	-1.16
349.825	-1.21
350.091	-1.16
350.358	-1.55
350.625	-1.45
350.891	-1.52
351.158	-1.71
351.425	-1.63
351.691	-1.69
351.958	-1.4
352.225	-1.15
352.491	-1.43
352.758	-1.16
353.025	-1.09
353.291	-1.02
353.558	-0.62
353.824	-0.56
354.091	-0.22
354.358	-0.34
354.624	-0.16
354.891	-0.12
355.157	-0.32
355.424	0.01
355.69	-0.18
355.957	-0.11
356.223	0.17
356.49	-0.14
356.756	-0.04
357.023	-0.15
357.289	-0.39
357.556	-0.46
357.822	-0.75
358.089	-0.59
358.355	-0.23
358.622	-0.2
358.888	-0.4
359.154	-0.42
359.421	-0.24
359.687	-0.27
359.954	-0.41
360.22	-0.36
360.486	-0.5
360.753	-0.09
361.019	-0.35
361.286	-0.85
361.552	-0.84
361.818	-0.85
362.085	-1.13
362.351	-1.2
362.617	-1.18
362.884	-1.09
363.15	-0.79
363.416	-0.5
363.682	-0.74
363.949	-0.51
364.215	-0.55
364.481	-0.61
364.747	-0.34
365.014	-0.09
365.28	-0.24
365.546	-0.2
365.812	0.06
366.079	-0.02
366.345	-0.08
366.611	0.36
366.877	0.38
367.143	0.58
367.409	0.6
367.676	0.6
367.942	0.51
368.208	0.59
368.474	0.69
368.74	0.4
369.006	0.4
369.272	0.21
369.538	-0.34
369.805	-0.46
370.071	-0.47
370.337	-0.54
370.603	-0.56
370.869	-0.54
371.135	-0.39
371.401	-0.57
371.667	-0.14
371.933	0.05
372.199	0.11
372.465	0.36
372.731	0.45
372.997	0.11
373.263	0.3
373.529	0.06
373.795	-0.45
374.061	-0.92
374.327	-0.72
374.593	-1.11
374.859	-1.34
375.125	-1.2
375.39	-1.12
375.656	-1.24
375.922	-1.03
376.188	-1.01
376.454	-0.74
376.72	-0.4
376.986	-0.15
377.252	-0.21
377.517	-0.05
377.783	0.2
378.049	0.16
378.315	-0.29
378.581	-0.11
378.847	-0.12
379.112	-0.19
379.378	-0.5
379.644	-0.78
379.91	-0.94
380.175	-1.15
380.441	-1.15
380.707	-1.17
380.973	-0.96
381.238	-0.66
381.504	-0.72
381.77	-0.72
382.036	-0.84
382.301	-0.48
382.567	-0.02
382.833	0.11
383.098	0.4
383.364	0.33
383.63	0.07
383.895	-0.31
384.161	-0.49
384.427	-0.71
384.692	-0.67
384.958	-0.59
385.223	-1.12
385.489	-1.44
385.755	-1.28
386.02	-1.14
386.286	-1.18
386.551	-0.92
386.817	-0.96
387.082	-1.12
387.348	-1.05
387.613	-1.1
387.879	-1.15
388.144	-0.79
388.41	-0.75
388.675	-0.74
388.941	-0.98
389.206	-0.92
389.472	-1.14
389.737	-1.11
390.003	-0.85
390.268	-0.71
390.534	-0.78
390.799	-0.71
391.064	-0.58
391.33	-0.44
391.595	-0.52
391.861	-0.21
392.126	-0.11
392.391	0.14
392.657	0.05
392.922	-0.07
393.188	0.06
393.453	-0.02
393.718	-0.25
393.984	-0.45
394.249	-0.44
394.514	-0.68
394.779	-0.89
395.045	-0.97
395.31	-0.81
395.575	-0.64
395.841	-0.46
396.106	-0.8
396.371	-0.98
396.636	-0.74
396.902	-0.66
397.167	-0.32
397.432	-0.05
397.697	-0.14
397.962	-0.34
398.228	-0.93
398.493	-1.07
398.758	-1.27
399.023	-1.38
399.288	-0.89
399.553	-0.87
399.819	-0.73
400.084	-0.97
400.349	-1.24
400.614	-1.07
400.879	-0.63
401.144	-0.54
401.409	-0.46
401.674	-0.08
401.939	0.42
402.204	0.18
402.469	0.17
402.734	0.17
403	0.37
403.265	0.5
403.53	0.19
403.795	-0.13
404.06	-0.07
404.325	-0.22
404.59	-0.43
404.855	-0.76
405.12	-0.5
405.384	-0.7
405.649	-0.63
405.914	-0.9
406.179	-0.8
406.444	-0.72
406.709	-0.72
406.974	-0.57
407.239	-0.18
407.504	-0.25
407.769	-0.21
408.034	-0.41
408.299	-0.02
408.563	-0.33
408.828	-0.32
409.093	-0.52
409.358	-0.57
409.623	-0.56
409.888	-0.56
410.152	-0.84
410.417	-1.01
410.682	-1.08
410.947	-1.31
411.212	-1.45
411.476	-1.26
411.741	-1.43
412.006	-1.53
412.271	-1.53
412.535	-1.35
412.8	-1.62
413.065	-1.58
413.329	-1.39
413.594	-1.4
413.859	-1.11
414.124	-1.24
414.388	-1.32
414.653	-1.15
414.918	-1.08
415.182	-1.1
415.447	-0.97
415.711	-0.86
415.976	-0.82
416.241	-0.69
416.505	-0.51
416.77	-0.63
417.034	-0.56
417.299	-0.64
417.564	-0.38
417.828	-0.12
418.093	-0.12
418.357	-0.14
418.622	0.12
418.886	0.18
419.151	0.03
419.415	-0.01
419.68	0.21
419.944	-0.02
420.209	-0.09
420.473	-0.51
420.738	-0.38
421.002	-0.22
421.267	-0.51
421.531	-0.92
421.796	-0.64
422.06	-0.57
422.325	-0.66
422.589	-1.04
422.853	-0.68
423.118	-0.53
423.382	-0.47
423.646	-0.63
423.911	-0.65
424.175	-0.51
424.44	-0.37
424.704	-0.86
424.968	-1.03
425.233	-0.83
425.497	-0.54
425.761	-0.63
426.026	-0.77
426.29	-0.72
426.554	-0.78
426.818	-0.99
427.083	-0.98
427.347	-0.96
427.611	-0.83
427.875	-0.78
428.14	-0.89
428.404	-0.84
428.668	-0.83
428.932	-0.96
429.197	-0.76
429.461	-0.7
429.725	-0.44
429.989	-0.14
430.253	0.45
430.517	0.47
430.782	0.64
431.046	1.05
431.31	1.66
431.574	1.88
431.838	2.41
432.102	2.46
432.366	2.86
432.63	3.11
432.894	2.92
433.159	2.56
433.423	2.94
433.687	3.21
433.951	2.95
434.215	2.65
434.479	2.9
434.743	2.9
435.007	2.88
435.271	2.9
435.535	3.1
435.799	3.44
436.063	3.8
436.327	3.87
436.591	4.08
436.855	4.36
437.119	4.44
437.383	4.6
437.646	4.76
437.91	5.04
438.174	4.87
438.438	4.85
438.702	5.08
438.966	5.08
439.23	5.11
439.494	4.78
439.758	4.62
440.021	4.39
440.285	3.98
440.549	3.91
440.813	3.7
441.077	3.72
441.341	3.43
441.604	2.64
441.868	2.16
442.132	1.79
442.396	1.59
442.66	1.56
442.923	1.6
443.187	1.59
443.451	1.52
443.715	1.33
443.978	1.23
444.242	1.13
444.506	1.53
444.769	1.84
445.033	1.98
445.297	2.36
445.56	2.69
445.824	2.75
446.088	2.9
446.351	3.05
446.615	3.28
446.879	3.38
447.142	3.55
447.406	3.42
447.669	3.26
447.933	3
448.197	2.87
448.46	2.67
448.724	2.54
448.987	2.46
449.251	2.31
449.515	2.44
449.778	2.41
450.042	2.31
450.305	2.38
450.569	2.55
450.832	2.87
451.096	2.74
451.359	2.49
451.623	2.78
451.886	2.86
452.15	2.97
452.413	2.96
452.676	3.17
452.94	3.42
453.203	3.34
453.467	3.31
453.73	3.4
453.994	3.52
454.257	3.6
454.52	3.45
454.784	3.3
455.047	3.22
455.31	3.03
455.574	2.74
455.837	2.7
456.1	2.9
456.364	2.77
456.627	2.63
456.89	2.55
457.154	2.63
457.417	2.29
457.68	2.01
457.944	1.95
458.207	1.7
458.47	1.8
458.733	1.77
458.997	1.41
459.26	1.13
459.523	0.85
459.786	0.76
460.049	0.97
460.313	1.22
460.576	1.43
460.839	1.32
461.102	1.7
461.365	1.62
461.628	1.62
461.892	1.9
462.155	2.21
462.418	2.57
462.681	2.54
462.944	2.4
463.207	2.41
463.47	2.19
463.733	2.08
463.996	2.14
464.26	2.28
464.523	1.84
464.786	1.64
465.049	1.48
465.312	1.5
465.575	1.68
465.838	1.41
466.101	1.3
466.364	1.59
466.627	1.72
466.89	1.44
467.153	1.17
467.416	1.65
467.679	1.69
467.942	1.66
468.205	1.5
468.467	1.19
468.73	1.17
468.993	1.09
469.256	0.89
469.519	0.89
469.782	0.74
470.045	0.59
470.308	0.24
470.571	0.08
470.834	0.2
471.096	-0.02
471.359	-0
471.622	-0.09
471.885	-0.21
472.148	-0.03
472.41	-0.23
472.673	-0.02
472.936	0.05
473.199	0.15
473.462	0.18
473.724	0.1
473.987	0.41
474.25	0.64
474.513	0.88
474.775	0.95
475.038	0.72
475.301	0.91
475.563	0.86
475.826	1.15
476.089	1.01
476.352	1.01
476.614	1.1
476.877	1.1
477.139	1.47
477.402	1.39
477.665	1.44
477.927	1.6
478.19	1.51
478.453	1.6
478.715	1.79
478.978	2.21
479.24	2.38
479.503	2.56
479.766	2.93
480.028	2.81
480.291	2.74
480.553	2.8
480.816	2.91
481.078	3.3
481.341	3.26
481.603	3.24
481.866	3.2
482.128	3.28
482.391	3.24
482.653	3.09
482.916	3.17
483.178	3.8
483.441	4.1
483.703	4.47
483.965	4.77
484.228	5.19
484.49	5.67
484.753	6.1
485.015	6.68
485.277	7.13
485.54	7.39
485.802	7.55
486.065	7.97
486.327	8.52
486.589	9.16
486.852	9.69
487.114	9.97
487.376	10.19
487.638	10.26
487.901	10.58
488.163	10.67
488.425	10.93
488.688	11.25
488.95	11.4
489.212	11.81
489.474	11.78
489.737	11.79
489.999	11.7
490.261	11.44
490.523	11.73
490.786	11.56
491.048	11.88
491.31	11.78
491.572	11.5
491.834	11.04
492.096	10.68
492.359	10.7
492.621	10.22
492.883	10.36
493.145	10.19
493.407	10.23
493.669	9.87
493.931	9.4
494.193	9.39
494.455	9.38
494.718	9.44
494.98	9.14
495.242	8.74
495.504	8.59
495.766	8.35
496.028	8.19
496.29	7.6
496.552	7.3
496.814	7.39
497.076	7.19
497.338	7.28
497.6	6.95
497.862	6.98
498.124	6.4
498.386	6.2
498.648	5.93
498.91	5.72
499.172	5.37
499.433	5.4
499.695	4.98
499.957	4.78
500.219	4.51
500.481	4.19
500.743	3.87
501.005	4.04
501.267	3.79
501.529	3.95
501.79	3.85
502.052	4.01
502.314	3.84
502.576	3.53
502.838	3.2
503.099	2.86
503.361	2.97
503.623	2.74
503.885	2.35
504.147	2.37
504.408	2.04
504.67	1.95
504.932	1.62
505.194	1.39
505.455	1.43
505.717	1.31
505.979	1.5
506.24	1.47
506.502	1.21
506.764	1.34
507.025	1.17
507.287	0.97
507.549	1
507.81	1.13
508.072	1.21
508.334	1.48
508.595	1.41
508.857	0.93
509.119	0.77
509.38	1.06
509.642	1.1
509.903	1.31
510.165	1.33
510.426	1.52
510.688	1.58
510.949	1.54
511.211	0.95
511.473	0.99
511.734	1.11
511.996	1.32
512.257	1.02
512.519	1.12
512.78	0.95
513.042	1.14
513.303	0.8
513.564	0.61
513.826	0.68
514.087	1.25
514.349	1.42
514.61	1.37
514.872	1.4
515.133	1.68
515.394	1.75
515.656	1.93
515.917	1.81
516.179	1.91
516.44	1.87
516.701	1.87
516.963	1.59
517.224	1.55
517.485	1.82
517.747	1.84
518.008	1.64
518.269	1.32
518.53	1.39
518.792	1.52
519.053	1.71
519.314	1.8
519.576	2.07
519.837	2.13
520.098	2.27
520.359	2.17
520.62	2.12
520.882	2.38
521.143	2.34
521.404	1.93
521.665	1.77
521.926	1.49
522.188	1.61
522.449	1.3
522.71	1.48
522.971	1.45
523.232	1.47
523.493	1.69
523.755	1.62
524.016	1.88
524.277	1.84
524.538	1.76
524.799	1.58
525.06	1.14
525.321	1.11
525.582	1.22
525.843	1.15
526.104	1.22
526.365	0.67
526.626	0.73
526.887	0.68
527.148	0.87
527.409	0.8
527.67	1.07
527.931	1.33
528.192	1.36
528.453	1.05
528.714	1.01
528.975	1.15
529.236	1.73
529.497	1.79
529.758	1.78
530.019	1.66
530.28	2.17
530.541	2.15
530.801	2.26
531.062	2.66
531.323	3.07
531.584	3.34
531.845	3.33
532.106	3.03
532.367	3.17
532.627	3.32
532.888	3.71
533.149	3.73
533.41	3.85
533.671	4
533.931	4.25
534.192	4.34
534.453	4.31
534.714	4.55
534.974	5.08
535.235	5.38
535.496	5.84
535.757	6.3
536.017	6.72
536.278	8.17
536.539	8.99
536.799	9.68
537.06	10.49
537.321	11.91
537.581	13.25
537.842	14.41
538.103	15.86
538.363	17.24
538.624	19.18
538.885	20.94
539.145	21.85
539.406	23.83
539.666	25.97
539.927	28.19
540.188	30.39
540.448	32.41
540.709	34.88
540.969	37.04
541.23	39.56
541.49	41.72
541.751	44.32
542.011	46.85
542.272	48.94
542.532	50.82
542.793	52.89
543.053	54.78
543.314	56.76
543.574	58.41
543.835	60.17
544.095	61.4
544.356	62.49
544.616	63.47
544.876	64.59
545.137	65.41
545.397	65.93
545.658	66.17
545.918	66.15
546.178	65.98
546.439	65.44
546.699	64.61
546.959	63.93
547.22	63.2
547.48	61.99
547.74	60.26
548.001	58.65
548.261	56.78
548.521	54.73
548.782	52.91
549.042	50.6
549.302	48.3
549.562	45.97
549.823	43.53
550.083	40.68
550.343	37.91
550.603	35.81
550.864	33.33
551.124	31.12
551.384	29.32
551.644	27.08
551.904	25.58
552.165	24.3
552.425	22.79
552.685	21.3
552.945	20.13
553.205	19.23
553.465	17.93
553.725	17.11
553.986	16.41
554.246	15.55
554.506	14.27
554.766	12.92
555.026	11.86
555.286	11.22
555.546	10.4
555.806	9.81
556.066	9.13
556.326	8.85
556.586	8.41
556.846	7.96
557.106	7.48
557.366	7.31
557.626	6.99
557.886	6.49
558.146	5.94
558.406	5.83
558.666	5.28
558.926	4.75
559.186	3.85
559.446	3.63
559.706	2.81
559.966	2.25
560.226	1.98
560.486	1.86
560.746	1.79
561.005	1.72
561.265	1.47
561.525	1.55
561.785	1.46
562.045	1.52
562.305	1.36
562.564	1.98
562.824	2.23
563.084	2.42
563.344	2.67
563.604	2.7
563.863	2.55
564.123	2.89
564.383	3.01
564.643	3.12
564.903	3.24
565.162	2.95
565.422	2.55
565.682	2.45
565.941	2.36
566.201	2.22
566.461	2.28
566.721	2.39
566.98	2.23
567.24	1.95
567.5	1.94
567.759	2.03
568.019	2.06
568.278	2.06
568.538	2.06
568.798	2.26
569.057	2.12
569.317	1.78
569.577	1.83
569.836	2.11
570.096	2.57
570.355	2.68
570.615	2.78
570.874	2.86
571.134	2.72
571.393	2.78
571.653	2.55
571.912	2.81
572.172	2.76
572.431	2.66
572.691	2.34
572.95	2.19
573.21	2.54
573.469	2.96
573.729	3.36
573.988	3.68
574.248	3.61
574.507	3.84
574.767	3.86
575.026	4.59
575.285	5.11
575.545	5.45
575.804	5.77
576.063	5.94
576.323	5.78
576.582	6.07
576.842	6.67
577.101	7.22
577.36	7.53
577.62	7.99
577.879	8.31
578.138	8.89
578.397	9.34
578.657	9.69
578.916	10.02
579.175	10.46
579.435	10.55
579.694	10.75
579.953	11.06
580.212	11.55
580.471	12.24
580.731	12.56
580.99	12.66
581.249	13.11
581.508	13.31
581.767	13.47
582.027	14.01
582.286	14.74
582.545	15.04
582.804	15.2
583.063	15.63
583.322	15.57
583.581	15.91
583.841	16.17
584.1	16.33
584.359	16.73
584.618	17.12
584.877	17.04
585.136	16.84
585.395	16.96
585.654	17.3
585.913	17.24
586.172	17.52
586.431	17.61
586.69	17.56
586.949	17.58
587.208	17.54
587.467	17.42
587.726	17.73
587.985	18.04
588.244	18.52
588.503	18.29
588.762	18.33
589.021	18.24
589.28	18.24
589.539	18.12
589.798	18.14
590.057	17.78
590.316	17.75
590.574	17.28
590.833	16.72
591.092	15.96
591.351	15.66
591.61	15.02
591.869	14.46
592.128	13.91
592.386	13.74
592.645	13.08
592.904	12.96
593.163	12.31
593.422	11.9
593.68	11.54
593.939	11.01
594.198	10.59
594.457	10.54
594.715	10.23
594.974	9.72
595.233	9.31
595.492	8.77
595.75	8.32
596.009	8.27
596.268	7.96
596.526	7.56
596.785	7.37
597.044	7.05
597.302	6.75
597.561	6.36
597.82	6.1
598.078	5.72
598.337	5.73
598.595	5.72
598.854	5.3
599.113	5.22
599.371	5.44
599.63	5.51
599.888	5.94
600.147	6.01
600.405	6.08
600.664	6.17
600.923	6.15
601.181	5.94
601.44	5.78
601.698	5.94
601.957	5.91
602.215	6.17
602.474	5.97
602.732	5.68
602.99	5.27
603.249	5.44
603.507	5.39
603.766	5.73
604.024	6.26
604.283	6.42
604.541	6.59
604.799	7.12
605.058	7.37
605.316	8.05
605.575	8.86
605.833	9.97
606.091	11
606.35	12.12
606.608	13.39
606.866	14.87
607.125	16.39
607.383	17.89
607.641	19.12
607.9	20.37
608.158	21.95
608.416	23.17
608.674	24.57
608.933	25.76
609.191	27.14
609.449	28.17
609.707	29.49
609.966	31.19
610.224	33.03
610.482	34.58
610.74	36.08
610.998	37.65
611.257	39.55
611.515	41.16
611.773	42.99
612.031	44.5
612.289	45.95
612.547	47.04
612.806	48.24
613.064	48.8
613.322	49.57
613.58	50.19
613.838	50.06
614.096	49.81
614.354	49.46
614.612	48.57
614.87	47.73
615.128	46.64
615.386	45.3
615.644	43.44
615.902	41.65
616.16	39.78
616.418	37.56
616.676	35.46
616.934	33.1
617.192	30.8
617.45	28.75
617.708	26.76
617.966	24.99
618.224	23.23
618.482	21.69
618.74	20.2
618.998	19.04
619.256	18.09
619.514	17.5
619.772	17.21
620.03	16.89
620.287	16.32
620.545	15.97
620.803	15.63
621.061	15.24
621.319	15.02
621.577	14.9
621.834	14.5
622.092	14.4
622.35	14.05
622.608	13.74
622.866	13.26
623.123	13.32
623.381	13.44
623.639	13.02
623.897	12.64
624.154	12.12
624.412	11.98
624.67	11.93
624.928	11.41
625.185	11.27
625.443	10.9
625.701	11.11
625.958	10.63
626.216	9.78
626.474	9.87
626.731	10
626.989	9.88
627.247	9.67
627.504	9.5
627.762	9.4
628.02	9.19
628.277	9.08
628.535	8.62
628.792	8.75
629.05	8.93
629.307	8.96
629.565	8.73
629.823	8.94
630.08	8.62
630.338	8.26
630.595	8.29
630.853	8.3
631.11	8.27
631.368	8.18
631.625	7.95
631.883	7.98
632.14	7.63
632.397	7.36
632.655	7.17
632.912	7.25
633.17	7.26
633.427	7.15
633.685	6.9
633.942	6.85
634.199	6.6
634.457	6.44
634.714	5.82
634.972	5.54
635.229	5.22
635.486	4.66
635.744	4.04
636.001	3.55
636.258	3.01
636.516	2.64
636.773	2.29
637.03	2.29
637.288	2.02
637.545	2.22
637.802	2.17
638.059	2.13
638.317	1.9
638.574	1.93
638.831	2.18
639.088	2.43
639.346	2.21
639.603	1.95
639.86	1.43
640.117	0.96
640.374	0.8
640.631	0.59
640.889	0.36
641.146	0.56
641.403	0.64
641.66	0.39
641.917	0.18
642.174	0.36
642.431	0.36
642.689	0.71
642.946	1.14
643.203	0.9
643.46	0.83
643.717	1.02
643.974	1.07
644.231	1.08
644.488	0.76
644.745	0.69
645.002	0.86
645.259	1.09
645.516	0.94
645.773	0.91
646.03	1.12
646.287	1.23
646.544	1.55
646.801	1.85
647.058	2.01
647.315	2.37
647.572	2.3
647.829	1.8
648.086	1.62
648.343	1.89
648.6	1.8
648.856	1.71
649.113	1.85
649.37	1.56
649.627	1.03
649.884	0.74
650.141	0.48
650.398	0.54
650.654	0.68
650.911	1.09
651.168	0.8
651.425	1.01
651.682	1.09
651.938	1.11
652.195	1.21
652.452	1.59
652.709	2.04
652.965	2.42
653.222	2.66
653.479	3.08
653.736	2.63
653.992	2.83
654.249	2.59
654.506	2.22
654.762	1.72
655.019	1.63
655.276	1.24
655.532	1
655.789	1.03
656.046	1.13
656.302	0.89
656.559	0.93
656.816	0.79
657.072	1
657.329	1.47
657.585	2.03
657.842	2.05
658.099	1.97
658.355	1.77
658.612	1.68
658.868	1.16
659.125	1.21
659.381	1.02
659.638	0.98
659.894	0.72
660.151	0.33
660.407	0.15
660.664	0.19
660.92	0.17
661.177	0.16
661.433	-0.21
661.69	0.31
661.946	0.47
662.203	0.56
662.459	0.52
662.715	0.7
662.972	1.03
663.228	0.81
663.485	0.75
663.741	0.9
663.997	1.34
664.254	1.43
664.51	0.99
664.766	0.89
665.023	1.08
665.279	0.88
665.535	0.51
665.792	0.47
666.048	0.39
666.304	0.41
666.56	0.66
666.817	0.36
667.073	0.39
667.329	0.46
667.586	0.51
667.842	0.52
668.098	0.88
668.354	1.27
668.61	1.24
668.867	1.35
669.123	1.23
669.379	1.17
669.635	1.35
669.891	1.47
670.147	1.61
670.404	1.32
670.66	1.31
670.916	1.3
671.172	1.11
671.428	0.83
671.684	0.84
671.94	0.85
672.196	0.34
672.452	0.03
672.708	0.22
672.965	0.47
673.221	0.59
673.477	0.31
673.733	-0.08
673.989	0
674.245	-0
674.501	0.06
674.757	-0.15
675.013	0.19
675.269	0.19
675.525	-0.02
675.781	-0.54
676.037	-0.73
676.292	-0.57
676.548	-0.34
676.804	-0.63
677.06	-0.72
677.316	-0.89
677.572	-0.9
677.828	-0.9
678.084	-0.83
678.34	-0.97
678.596	-0.67
678.851	-0.64
679.107	-0.67
679.363	-0.54
679.619	-0.05
679.875	0.01
680.131	0.16
680.386	0.21
680.642	0.14
680.898	0.09
681.154	0.2
681.409	-0.02
681.665	-0.21
681.921	-0.52
682.177	-0.54
682.432	-0.97
682.688	-0.8
682.944	-1.05
683.199	-0.92
683.455	-1.02
683.711	-0.91
683.967	-0.78
684.222	-0.87
684.478	-0.81
684.734	-0.55
684.989	-0.7
685.245	-0.42
685.5	-0.61
685.756	-0.15
686.012	-0.11
686.267	-0.06
686.523	-0.11
686.778	-0.51
687.034	-0.2
687.289	0.13
687.545	0.26
687.801	0.23
688.056	0.12
688.312	0.46
688.567	0.13
688.823	0.06
689.078	-0.01
689.334	0.25
689.589	0.67
689.845	0.54
690.1	0.48
690.355	0.42
690.611	0.47
690.866	0.36
691.122	0.17
691.377	0.22
691.633	0.41
691.888	0.7
692.143	0.34
692.399	0.03
692.654	-0.03
692.909	0.03
693.165	-0.12
693.42	-0.16
693.675	-0.28
693.931	-0.23
694.186	-0.3
694.441	-0.72
694.697	-1.07
694.952	-1.16
695.207	-1.3
695.463	-1.54
695.718	-1.77
695.973	-1.44
696.228	-1.16
696.484	-0.95
696.739	-0.59
696.994	-0.21
697.249	-0
697.504	0.15
697.76	0.05
698.015	0.25
698.27	0.57
698.525	0.33
698.78	-0.14
699.035	-0.44
699.291	-0.4
699.546	-0.73
699.801	-0.95
700.056	-1.03
700.311	-1.23
700.566	-0.83
700.821	-0.81
701.076	-1.16
701.331	-0.62
701.586	0.03
701.841	0.11
702.096	0.4
702.351	0.21
702.606	0.26
702.862	0.42
703.117	0.78
703.372	0.57
703.626	0.58
703.881	1.12
704.136	1.24
704.391	1.09
704.646	1.32
704.901	1.18
705.156	1.46
705.411	1.5
705.666	1.66
705.921	1.66
706.176	2.15
706.431	2.42
706.686	2.62
706.94	2.59
707.195	2.45
707.45	2.44
707.705	2.57
707.96	2.61
708.215	2.64
708.469	2.84
708.724	2.86
708.979	2.68
709.234	2.84
709.489	2.66
709.743	2.93
709.998	3.25
710.253	3.25
710.508	3.13
710.762	3.37
711.017	3.34
711.272	3.14
711.527	3.27
711.781	3.73
712.036	3.66
712.291	3.68
712.545	3.4
712.8	3.03
713.055	2.87
713.309	2.48
713.564	2.03
713.818	2.02
714.073	1.97
714.328	1.56
714.582	0.84
714.837	0.69
715.091	0.36
715.346	0.32
715.601	0.31
715.855	0.38
716.11	0.62
716.364	0.63
716.619	0.46
716.873	0.36
717.128	0.46
717.382	0.4
717.637	0.25
717.891	0.07
718.146	-0.45
718.4	-0.58
718.655	-0.76
718.909	-1.11
719.164	-1.3
719.418	-1.33
719.672	-1.31
719.927	-1.12
720.181	-1.17
720.436	-1.34
720.69	-1.17
720.944	-0.89
721.199	-1.07
721.453	-1.15
721.707	-0.98
721.962	-1
722.216	-1.18
722.47	-1.06
722.725	-1.36
722.979	-1.31
723.233	-1.33
723.488	-1.45
723.742	-1.48
723.996	-1.4
724.25	-1.43
724.505	-0.87
724.759	-0.68
725.013	-0.34
725.267	-0.87
725.522	-0.94
725.776	-1.01
726.03	-0.78
726.284	-0.56
726.538	-0.55
726.792	-0.48
727.047	-0.22
727.301	-0.82
727.555	-0.64
727.809	-0.86
728.063	-0.63
728.317	-0.46
728.571	-0.26
728.825	-0.39
729.08	-0.52
729.334	-0.58
729.588	-0.66
729.842	-0.82
730.096	-0.97
730.35	-1.4
730.604	-1.55
730.858	-1.49
731.112	-1.57
731.366	-1.79
731.62	-1.74
731.874	-1.54
732.128	-1.48
732.382	-1.32
732.636	-1.21
732.89	-0.69
733.144	-0.69
733.398	-0.57
733.652	-0.75
733.905	-0.73
734.159	-0.88
734.413	-0.9
734.667	-1.07
734.921	-0.87
735.175	-0.83
735.429	-1.2
735.683	-1.49
735.936	-1.34
736.19	-1.41
736.444	-1.12
736.698	-1.23
736.952	-0.95
737.205	-0.91
737.459	-0.9
737.713	-1.08
737.967	-1.26
738.221	-0.86
738.474	-1.04
738.728	-1.38
738.982	-1.27
739.236	-1.33
739.489	-1.29
739.743	-1.29
739.997	-1.48
740.25	-1.65
740.504	-1.8
740.758	-1.64
741.011	-1.61
741.265	-1.29
741.519	-0.74
741.772	-0.69
742.026	-0.73
742.28	-0.39
742.533	-0.5
742.787	-0.51
743.04	-0.28
743.294	-0.24
743.547	-0.29
743.801	-0.36
744.055	-0.78
744.308	-1.29
744.562	-1.21
744.815	-1.02
745.069	-1.37
745.322	-1.54
745.576	-1.61
745.829	-1.74
746.083	-1.57
746.336	-1.42
746.59	-1.49
746.843	-1.14
747.097	-0.87
747.35	-0.78
747.603	-1.23
747.857	-1.38
748.11	-0.99
748.364	-0.8
748.617	-0.71
748.87	-0.94
749.124	-1.29
749.377	-1.47
749.63	-1.51
749.884	-1.42
750.137	-1.49
750.39	-1.43
750.644	-1.33
750.897	-1.67
751.15	-1.47
751.404	-1.33
751.657	-1.36
751.91	-1.14
752.164	-0.98
752.417	-0.89
752.67	-1.02
752.923	-0.99
753.176	-0.89
753.43	-0.86
753.683	-0.8
753.936	-0.91
754.189	-0.93
754.442	-0.48
754.696	-0.68
754.949	-0.82
755.202	-0.99
755.455	-0.99
755.708	-1.11
755.961	-1.01
756.214	-0.97
756.468	-0.79
756.721	-0.93
756.974	-0.93
757.227	-1.25
757.48	-1.04
757.733	-1.02
757.986	-1.08
758.239	-1.16
758.492	-1.07
758.745	-1.04
758.998	-0.86
759.251	-0.77
759.504	-0.72
759.757	-1
760.01	-0.92
760.263	-1.04
760.516	-0.72
760.769	-0.51
761.022	-0.52
761.275	-0.71
761.528	-0.57
761.781	-0.48
762.034	-0.35
762.287	-0.35
762.54	-0.21
762.792	-0.09
763.045	0.09
763.298	0.08
763.551	0.13
763.804	0.44
764.057	0.76
764.31	0.6
764.562	0.33
764.815	0.22
765.068	0.14
765.321	-0.15
765.574	-0.22
765.826	-0.41
766.079	-0.51
766.332	-0.48
766.585	-0.4
766.837	-0.6
767.09	-0.36
767.343	-0.4
767.595	-0.56
767.848	-0.61
768.101	-0.35
768.354	-0.58
768.606	-0.49
768.859	-0.81
769.112	-1.11
769.364	-1.41
769.617	-1.59
769.869	-1.98
770.122	-1.99
770.375	-2.17
770.627	-2.12
770.88	-2.17
771.132	-1.91
771.385	-1.92
771.638	-1.84
771.89	-1.92
772.143	-2.12
772.395	-1.85
772.648	-1.61
772.9	-1.39
773.153	-0.99
773.405	-0.97
773.658	-0.81
773.91	-0.99
774.163	-0.87
774.415	-0.61
774.668	-0.28
774.92	0.15
775.173	-0.04
775.425	-0.19
775.677	-0.06
775.93	-0.08
776.182	0.14
776.435	0.07
776.687	0.29
776.939	0.18
777.192	0.12
777.444	-0.02
777.696	0.07
777.949	0.11
778.201	0.04
778.453	-0.19
778.706	-0.37
778.958	-0.61
779.21	-0.62
779.463	-0.87
779.715	-0.76
779.967	-0.85
780.219	-0.82
780.472	-1.36
780.724	-1.48
780.976	-1.29
781.228	-1.14
781.481	-1.37
781.733	-1.31
781.985	-1.33
782.237	-1.25
782.489	-1.44
782.741	-1.24
782.994	-1.21
783.246	-0.8
783.498	-0.54
783.75	-0.5
784.002	-0.83
784.254	-0.87
784.506	-0.87
784.758	-0.73
785.011	-0.56
785.263	-0.5
785.515	-0.67
785.767	-0.53
786.019	-0.85
786.271	-1.02
786.523	-1.01
786.775	-0.66
787.027	-0.25
787.279	-0.41
787.531	-0.47
787.783	-0.47
788.035	-0.64
788.287	-0.66
788.539	-0.59
788.791	-0.27
789.043	-0.27
789.295	-0.58
789.546	-0.43
789.798	-0.31
790.05	0.11
790.302	0.09
790.554	0.12
790.806	0.31
791.058	0.28
791.31	0.12
791.561	0.11
791.813	0.07
792.065	0.23
792.317	-0.16
792.569	-0.43
792.821	-0.53
793.072	-0.47
793.324	-0.57
793.576	-0.4
793.828	0.02
794.079	0
794.331	-0.14
794.583	0.21
794.835	0.33
795.086	0.68
795.338	0.81
795.59	0.98
795.841	1.03
796.093	1.03
796.345	0.72
796.596	0.32
796.848	0.54
797.1	0.67
797.351	0.32
797.603	0.1
797.855	0.02
798.106	-0.05
798.358	-0.29
798.609	-0.36
798.861	-0.43
799.113	-0.47
799.364	-0.37
799.616	-0.78
799.867	-0.9
800.119	-0.25
800.37	0.06
800.622	0.01
800.873	-0.06
801.125	-0.22
801.376	-0.2
801.628	0.16
801.879	0.34
802.131	0.3
802.382	0.67
802.634	0.85
802.885	0.26
803.137	0.14
803.388	0.21
803.639	0.09
803.891	0.21
804.142	0.27
804.394	0.08
804.645	0.37
804.896	0.16
805.148	0.04
805.399	-0.01
805.65	0.04
805.902	0.2
806.153	0.09
806.404	0.22
806.656	0.37
806.907	0.21
807.158	0.44
807.409	0.14
807.661	0.35
807.912	0.33
808.163	0.34
808.414	0.24
808.666	0.09
808.917	0.1
809.168	-0.15
809.419	-0.24
809.67	0.08
809.922	-0.24
810.173	-0.08
810.424	-0.08
810.675	-0.03
810.926	0.13
811.177	0.28
811.428	0.31
811.68	0.43
811.931	0.59
812.182	0.5
812.433	0.24
812.684	0.15
812.935	0.25
813.186	0.34
813.437	0.17
813.688	-0.07
813.939	-0.2
814.19	-0.37
814.441	-0.33
814.692	-0.07
814.943	0.05
815.194	0.08
815.445	0.07
815.696	-0.19
815.947	0.12
816.198	0.66
816.449	0.56
816.7	1.25
816.951	1.17
817.202	1.31
817.453	1.21
817.704	1.09
817.954	1.18
818.205	1.38
818.456	1.4
818.707	1.56
818.958	1.33
819.209	1.46
819.46	1.03
819.71	1.57
819.961	1.44
820.212	1.27
820.463	1.37
820.714	1.16
820.964	1.13
821.215	1.22
821.466	0.61
821.717	0.53
821.967	0.68
822.218	0.7
822.469	0.47
822.72	0.38
822.97	0.72
823.221	0.82
823.472	1.21
823.722	1.08
823.973	1.12
824.224	1.26
824.474	1.38
824.725	1.33
824.975	1.24
825.226	1.26
825.477	1.47
825.727	1.46
825.978	1.36
826.229	1.22
826.479	1.22
826.73	1.21
826.98	1.28
827.231	1.12
827.481	1.12
827.732	1.08
827.982	0.83
828.233	0.54
828.483	0.17
828.734	0.11
828.984	0.21
829.235	0.3
829.485	0.55
829.736	0.67
829.986	0.67
830.237	0.45
830.487	0.66
830.737	0.91
830.988	1.13
831.238	1.37
831.489	1.89
831.739	1.68
831.989	1.91
832.24	1.75
832.49	1.93
832.74	2.21
832.991	2.59
833.241	2.57
833.491	2.46
833.742	2.46
833.992	2.7
834.242	2.47
834.493	2.52
834.743	2.56
834.993	2.27
835.243	2.12
835.494	1.94
835.744	1.92
835.994	2.34
836.244	2.52
836.494	2.47
836.745	2.33
836.995	2.37
837.245	2.79
837.495	2.61
837.745	2.83
837.996	2.97
838.246	2.82
838.496	2.88
838.746	2.5
838.996	2.45
839.246	2.67
839.496	2.76
839.746	2.62
839.996	2.53
840.246	2.49
840.497	2.79
840.747	2.82
840.997	3.21
841.247	3.19
841.497	3.33
841.747	3.72
841.997	4.06
842.247	4.06
842.497	4.47
842.747	4.63
842.997	4.82
843.247	4.86
843.496	4.94
843.746	5.11
843.996	5.35
844.246	5.41
844.496	5.29
844.746	4.97
844.996	5.05
845.246	4.74
845.496	4.64
845.746	4.79
845.995	5.06
846.245	4.95
846.495	4.99
846.745	4.9
846.995	5.19
847.245	5.57
847.494	5.72
847.744	5.98
847.994	6.64
848.244	7.03
848.493	7
848.743	6.7
848.993	6.84
849.243	6.77
849.492	7
849.742	7.07
849.992	6.95
850.242	7.1
850.491	7.36
850.741	6.96
850.991	6.81
851.24	7.15
851.49	7.41
851.74	7.5
851.989	7.79
852.239	8.19
852.488	8.21
852.738	8.3
852.988	8.87
853.237	8.84
853.487	9.01
853.736	9.34
853.986	9.54
854.235	9.68
854.485	9.92
854.735	10.01
854.984	9.91
855.234	9.93
855.483	10.04
855.733	9.64
855.982	9.83
856.232	10.14
856.481	10.02
856.73	9.9
856.98	10.2
857.229	10.4
857.479	10.36
857.728	10.37
857.978	10.68
858.227	10.76
858.476	11.02
858.726	11.16
858.975	11.62
859.225	11.63
859.474	11.88
859.723	12.03
859.973	12.06
860.222	12.35
860.471	12.55
860.721	12.66
860.97	13.05
861.219	13.09
861.468	13.29
861.718	13.07
861.967	13.23
862.216	13.51
862.465	13.45
862.715	13.92
862.964	13.98
863.213	14.28
863.462	14.54
863.712	14.47
863.961	14.81
864.21	14.73
864.459	14.99
864.708	15.61
864.957	15.49
865.207	15.99
865.456	15.96
865.705	16.33
865.954	16.4
866.203	16.36
866.452	16.56
866.701	16.65
866.95	16.97
867.199	17.12
867.448	17.14
867.698	17.58
867.947	17.61
868.196	17.79
868.445	18.16
868.694	18.78
868.943	19.28
869.192	19.76
869.441	19.96
869.69	20.2
869.939	20.6
870.188	20.73
870.436	21.04
870.685	21.4
870.934	21.66
871.183	21.99
871.432	21.94
871.681	22.16
871.93	22.42
872.179	22.65
872.428	22.81
872.677	23.09
872.925	23.73
873.174	24.09
873.423	24.76
873.672	25.4
873.921	25.57
874.17	26.18
874.418	26.49
874.667	26.89
874.916	27.6
875.165	28.48
875.413	28.95
875.662	29.34
875.911	29.93
876.16	30.24
876.408	31.12
876.657	31.86
876.906	32.55
877.155	33.39
877.403	34.26
877.652	35.27
877.901	36.23
878.149	37.42
878.398	38.44
878.647	39.54
878.895	40.74
879.144	41.56
879.392	42.79
879.641	43.99
879.89	45.22
880.138	46.68
880.387	47.77
880.635	49.01
880.884	50.48
881.132	52.19
881.381	53.96
881.63	55.44
881.878	57.13
882.127	59
882.375	60.63
882.624	62.88
882.872	64.73
883.121	66.65
883.369	68.73
883.617	70.88
883.866	72.93
884.114	74.77
884.363	77.12
884.611	79.67
884.86	81.81
885.108	84.38
885.356	86.77
885.605	89.4
885.853	92.46
886.102	95.44
886.35	98.06
886.598	100.55
886.847	103.42
887.095	106.08
887.343	108.57
887.592	111.41
887.84	114.15
888.088	116.99
888.336	119.5
888.585	122.22
888.833	124.78
889.081	127.44
889.329	130.86
889.578	133.83
889.826	136.62
890.074	139.6
890.322	142.47
890.571	145.22
890.819	147.85
891.067	150.83
891.315	153.54
891.563	156.54
891.811	159.35
892.06	161.7
892.308	164.38
892.556	167.38
892.804	170.2
893.052	173.14
893.3	176
893.548	178.78
893.796	181.6
894.044	184.15
894.292	186.54
894.54	189.16
894.788	192
895.036	194.42
895.284	196.91
895.533	199.11
895.781	201.37
896.028	203.98
896.276	206.13
896.524	208.21
896.772	210.28
897.02	212.74
897.268	215.18
897.516	217.41
897.764	219.9
898.012	222
898.26	224.05
898.508	226.02
898.756	228.1
899.004	230.38
899.252	232.67
899.499	235.08
899.747	236.66
899.995	238.14
900.243	239.96
900.491	241.67
900.739	243.54
900.986	245.63
901.234	248.15
901.482	250.17
901.73	252.12
901.978	253.76
902.225	256.16
902.473	258.5
902.721	261.11
902.968	263.38
903.216	265.58
903.464	267.99
903.712	270.77
903.959	273.07
904.207	275.53
904.455	278.5
904.702	281.81
904.95	284.39
905.198	287.3
905.445	290.64
905.693	294.27
905.941	298.17
906.188	302.68
906.436	307.68
906.683	313.37
906.931	319.63
907.178	326.02
907.426	332.85
907.674	339.44
907.921	346.01
908.169	352.11
908.416	358.98
908.664	366.45
908.911	373.76
909.159	380.86
909.406	388.78
909.654	399.01
909.901	412.47
910.149	432.85
910.396	464.4
910.644	505.45
910.891	552.87
911.138	611.32
911.386	680.8
911.633	755.99
911.881	840.68
912.128	936.49
912.375	1040.46
912.623	1154.39
912.87	1273.72
913.117	1395.87
913.365	1523.99
913.612	1655.18
913.859	1787.11
914.107	1911.35
914.354	2031.43
914.601	2149.37
914.849	2249.32
915.096	2337.19
915.343	2407.59
915.59	2462.85
915.838	2507.84
916.085	2533.54
916.332	2556.72
916.579	2565.24
916.827	2560.95
917.074	2552.34
917.321	2537.09
917.568	2517.08
917.815	2488.19
918.062	2465.07
918.31	2445.18
918.557	2417.26
918.804	2383.1
919.051	2337.97
919.298	2294.08
919.545	2253.18
919.792	2213.45
920.039	2170.09
920.286	2124.93
920.534	2079.55
920.781	2024.8
921.028	1961.8
921.275	1898.43
921.522	1829.06
921.769	1747.28
922.016	1650.57
922.263	1543.19
922.51	1423.72
922.757	1295.71
923.004	1170.08
923.251	1046.33
923.498	924.56
923.745	806.78
923.992	691.8
924.238	591.02
924.485	504.77
924.732	432.25
924.979	374.83
925.226	329.46
925.473	294.15
925.72	267.37
925.967	248.2
926.214	233.52
926.46	221.29
926.707	209.87
926.954	199.91
927.201	190.57
927.448	182.17
927.694	174.29
927.941	166.7
928.188	159.13
928.435	151.52
928.682	144.01
928.928	137.18
929.175	130.77
929.422	125.18
929.668	119.33
929.915	113.95
930.162	108.75
930.409	104.25
930.655	99.87
930.902	96.13
931.149	92.66
931.395	89.33
931.642	85.82
931.889	82.48
932.135	78.98
932.382	75.89
932.628	73.17
932.875	70.68
933.122	68.06
933.368	65.78
933.615	62.94
933.861	60.65
934.108	58.34
934.354	56.35
934.601	54.21
934.847	52.58
935.094	50.89
935.34	49.1
935.587	47.53
935.833	45.97
936.08	44.18
936.326	42.85
936.573	41.29
936.819	39.92
937.066	38.54
937.312	37.34
937.559	36.1
937.805	34.9
938.051	33.77
938.298	32.47
938.544	31.31
938.791	30.36
939.037	29.58
939.283	28.83
939.53	27.72
939.776	26.87
940.022	25.94
940.269	25.14
940.515	24.1
940.761	23.26
941.007	22.56
941.254	21.92
941.5	21.19
941.746	20.2
941.993	19.25
942.239	18.99
942.485	18.25
942.731	17.61
942.977	16.73
943.224	16.42
943.47	15.84
943.716	15.27
943.962	14.92
944.208	14.32
944.455	13.71
944.701	13.47
944.947	12.83
945.193	12.49
945.439	11.92
945.685	11.65
945.931	10.92
946.177	10.54
946.423	9.88
946.67	9.21
946.916	8.79
947.162	8.59
947.408	8.06
947.654	7.69
947.9	7.28
948.146	7.36
948.392	6.92
948.638	6.97
948.884	6.71
949.13	6.8
949.376	6.62
949.622	6.53
949.868	6.24
950.114	6.34
950.359	6.32
950.605	6.08
950.851	5.68
951.097	5.38
951.343	5.08
951.589	4.97
951.835	4.72
952.081	4.69
952.327	4.76
952.572	4.77
952.818	4.56
953.064	4.43
953.31	4.19
953.556	4
953.802	4
954.047	3.7
954.293	3.33
954.539	3.2
954.785	2.81
955.03	2.26
955.276	1.97
955.522	1.63
955.768	1.18
956.013	1.21
956.259	1.22
956.505	1.29
956.75	1.42
956.996	1.78
957.242	1.6
957.487	1.78
957.733	1.88
957.979	1.76
958.224	1.7
958.47	2.05
958.716	2.23
958.961	2
959.207	1.59
959.452	1.25
959.698	0.9
959.943	0.83
960.189	0.68
960.435	0.58
960.68	0.64
960.926	0.73
961.171	0.22
961.417	-0.3
961.662	-0.3
961.908	-0.26
962.153	-0.16
962.399	-0.36
962.644	-0.19
962.89	-0.17
963.135	-0.12
963.38	0.08
963.626	-0.1
963.871	0.05
964.117	0.05
964.362	0.05
964.607	0.05
964.853	0.2
965.098	0.23
965.344	0.04
965.589	0.04
965.834	0.13
966.08	-0.17
966.325	-0.33
966.57	-0.59
966.815	-0.2
967.061	-0.12
967.306	0.19
967.551	-0.06
967.797	-0.2
968.042	-0.3
968.287	-0.47
968.532	-0.63
968.777	-0.45
969.023	-0.27
969.268	0.14
969.513	0.18
969.758	-0.05
970.003	-0.27
970.249	-0.15
970.494	0.05
970.739	0.18
970.984	0.13
971.229	-0.02
971.474	-0.28
971.719	-0.21
971.965	-0.32
972.21	-0.64
972.455	-0.5
972.7	-0.45
972.945	-0.69
973.19	-0.78
973.435	-0.84
973.68	-0.76
973.925	-0.57
974.17	-0.57
974.415	-0.78
974.66	-1.04
974.905	-1.13
975.15	-1.13
975.395	-1.16
975.64	-0.39
975.885	-0.3
976.13	-0.3
976.375	-0.42
976.62	-0.46
976.865	-0.38
977.109	-0.26
977.354	0.32
977.599	0.48
977.844	0.48
978.089	0.3
978.334	-0.19
978.579	-0.16
978.824	-0.17
979.068	-0.12
979.313	-0.2
979.558	-0.03
979.803	-0.05
980.048	-0.25
980.292	-0.51
980.537	-0.69
980.782	-0.56
981.027	-0.47
981.271	-0.56
981.516	-0.44
981.761	-0.49
982.006	-0.72
982.25	-0.89
982.495	-0.85
982.74	-1.04
982.984	-0.7
983.229	-0.46
983.474	-0.43
983.718	-0.55
983.963	-0.36
984.208	-0.42
984.452	-0.42
984.697	-0.18
984.941	-0.18
985.186	-0.16
985.431	-0.33
985.675	-0.63
985.92	-0.84
986.164	-0.9
986.409	-1.12
986.653	-1.58
986.898	-1.46
987.142	-1.49
987.387	-1.51
987.631	-1.53
987.876	-1.83
988.12	-1.75
988.365	-1.68
988.609	-1.38
988.854	-1.47
989.098	-1.5
989.343	-1.23
989.587	-1.44
989.831	-1.28
990.076	-1.49
990.32	-1.56
990.565	-1.64
990.809	-1.67
991.053	-1.93
991.298	-2.31
991.542	-2.19
991.786	-1.97
992.031	-2.02
992.275	-1.91
992.519	-1.92
992.764	-1.59
993.008	-1.62
993.252	-1.28
993.496	-1.24
993.741	-0.94
993.985	-0.85
994.229	-0.87
994.473	-1.03
994.718	-1.05
994.962	-1.12
995.206	-1.42
995.45	-1.44
995.694	-1.35
995.939	-1.19
996.183	-1
996.427	-1.33
996.671	-1.47
996.915	-1.68
997.159	-1.41
997.403	-1.28
997.647	-1.29
997.892	-1.08
998.136	-1.22
998.38	-1.34
998.624	-1.43
998.868	-1.57
999.112	-1.3
999.356	-1.2
999.6	-1.14
999.844	-1.26
1000.088	-1.12
1000.332	-0.93
1000.576	-0.97
1000.82	-0.95
1001.064	-0.78
1001.308	-0.95
1001.552	-1.05
1001.796	-1.28
1002.04	-1.19
1002.284	-1.1
1002.528	-1.08
1002.771	-1.12
1003.015	-1.13
1003.259	-0.98
1003.503	-0.92
1003.747	-0.88
1003.991	-0.78
1004.235	-0.92
1004.479	-0.63
1004.722	-0.59
1004.966	-0.67
1005.21	-0.84
1005.454	-1.09
1005.698	-1.25
1005.941	-1.42
1006.185	-1.33
1006.429	-1.37
1006.673	-1.58
1006.916	-1.26
1007.16	-1.21
1007.404	-1.07
1007.648	-0.81
1007.891	-0.57
1008.135	-0.43
1008.379	-0.22
1008.622	0
1008.866	0.12
1009.11	-0.18
1009.353	0.18
1009.597	0.15
1009.841	0.21
1010.084	0.09
1010.328	-0.1
1010.571	-0.06
1010.815	-0.01
1011.059	-0.12
1011.302	-0.25
1011.546	-0.2
1011.789	0.05
1012.033	-0.23
1012.276	-0.24
1012.52	-0.24
1012.763	0.47
1013.007	0.47
1013.25	0.43
1013.494	0.19
1013.737	0.02
1013.981	-0.03
1014.224	-0.59
1014.468	-0.6
1014.711	-0.38
1014.955	-0.36
1015.198	-0.23
1015.441	-0.99
1015.685	-0.76
1015.928	-0.96
1016.172	-0.77
1016.415	-0.41
1016.658	-0.49
1016.902	-0.29
1017.145	-0.32
1017.388	-0.28
1017.632	-0.21
1017.875	-0.63
1018.118	-0.81
1018.362	-0.81
1018.605	-0.6
1018.848	-0.72
1019.091	-1.08
1019.335	-1.02
1019.578	-0.66
1019.821	-0.45
1020.064	-0.66
1020.308	-0.69
1020.551	-0.55
1020.794	-0.54
1021.037	-0.76
1021.28	-0.86
1021.524	-0.72
1021.767	-0.54
1022.01	-0.58
1022.253	-0.73
1022.496	-1.05
1022.739	-1.1
1022.982	-1.35
1023.226	-1.23
1023.469	-0.92
1023.712	-0.46
1023.955	-0.29
1024.198	-0.33
1024.441	-0.3
1024.684	-0.25
1024.927	-0.57
1025.17	-0.44
1025.413	-0.36
1025.656	-0.39
1025.899	-0.56
1026.142	-0.68
1026.385	-0.98
1026.628	-1.34
1026.871	-1.38
1027.114	-1.49
1027.357	-1.58
1027.6	-1.55
1027.843	-1.47
1028.086	-1.39
1028.329	-1.05
1028.571	-1.1
1028.814	-1.18
1029.057	-1.37
1029.3	-1.4
1029.543	-1.39
1029.786	-1.39
1030.029	-1.5
1030.271	-1.31
1030.514	-1.53
1030.757	-1.75
1031	-2.35
1031.243	-2.18
1031.485	-1.96
1031.728	-1.59
1031.971	-1.33
1032.214	-1.44
1032.456	-1.43
1032.699	-1
1032.942	-1.02
1033.185	-0.92
1033.427	-0.87
1033.67	-0.57
1033.913	-0.35
1034.155	-0.39
1034.398	-0.77
1034.641	-0.45
1034.883	-0.16
1035.126	0.04
1035.369	-0.14
1035.611	0.04
1035.854	0.09
1036.096	0.4
1036.339	0.43
1036.582	0.31
1036.824	0.28
1037.067	0.65
1037.309	0.24
1037.552	0.2
1037.794	0.47
1038.037	0.56
1038.279	0.4
1038.522	0.56
1038.764	0.61
1039.007	0.82
1039.249	0.51
1039.492	0.43
1039.734	0.33
1039.977	0.21
1040.219	-0.11
1040.462	-0.54
1040.704	-0.67
1040.946	-0.72
1041.189	-0.87
1041.431	-1.2
1041.674	-1.36
1041.916	-1.09
1042.158	-0.79
1042.401	-1
1042.643	-0.94
1042.885	-0.59
1043.128	-0.51
1043.37	-0.41
1043.612	-0.28
1043.855	-0.14
1044.097	-0.08
1044.339	0.11
1044.581	0.04
1044.824	-0.2
1045.066	-0.19
1045.308	-0.11
1045.55	-0.26
1045.793	-0.45
1046.035	-0.51
1046.277	-0.69
1046.519	-0.87
1046.761	-0.95
1047.003	-1.23
1047.246	-1.26
1047.488	-1.06
1047.73	-1.06
1047.972	-0.63
1048.214	-0.41
1048.456	-0.1
1048.698	0.18
1048.94	0.35
1049.183	0.98
1049.425	1.01
1049.667	1.08
1049.909	1.23
1050.151	1.4
1050.393	1.49
1050.635	1.31
1050.877	1.1
1051.119	0.85
1051.361	0.69
1051.603	0.58
1051.845	-0.09
1052.087	0.06
1052.329	0.31
1052.571	0.6
1052.813	0.34
1053.054	0.38
1053.296	0.3
1053.538	0.24
1053.78	0.43
1054.022	0.39
1054.264	0.63
1054.506	0.71
1054.748	0.57
1054.99	0.61
1055.231	0.03
1055.473	-0.07
1055.715	-0.28
1055.957	-0.33
1056.199	-0.21
1056.44	-0.21
1056.682	-0.37
1056.924	-0.69
1057.166	-0.62
1057.408	-0.67
1057.649	-0.83
1057.891	-0.77
1058.133	-0.63
1058.374	-0.28
1058.616	-0.37
1058.858	-0.53
1059.1	-0.92
1059.341	-0.8
1059.583	-0.75
1059.825	-0.56
1060.066	-0.49
1060.308	-0.31
1060.549	-0.25
1060.791	-0.27
1061.033	-0.49
1061.274	-0.47
1061.516	-0.46
1061.757	-0.23
1061.999	-0.48
1062.241	-0.51
1062.482	-0.86
1062.724	-1.04
1062.965	-1.31
1063.207	-1.26
1063.448	-1.52
1063.69	-1.39
1063.931	-1.35
1064.173	-1.38
1064.414	-1.31
1064.656	-1.18
1064.897	-1.18
1065.139	-1.04
1065.38	-0.86
1065.621	-0.71
1065.863	-0.57
1066.104	-0.46
1066.346	-0.73
1066.587	-0.57
1066.828	-0.25
1067.07	-0.11
1067.311	0.15
1067.552	0.19
1067.794	0.38
1068.035	0.55
1068.276	0.37
1068.518	0.12
1068.759	-0.09
1069	0.25
1069.242	0.22
1069.483	0.39
1069.724	0.14
1069.965	-0.18
1070.207	-0.04
1070.448	0.25
1070.689	0.26
1070.93	0.63
1071.172	0.87
1071.413	1.16
1071.654	0.9
1071.895	0.74
1072.136	0.12
1072.377	0.2
1072.619	0.39
1072.86	0.37
1073.101	-0.35
1073.342	-0.37
1073.583	-0.61
1073.824	-0.72
1074.065	-0.9
1074.306	-0.9
1074.547	-1.02
1074.788	-0.72
1075.029	-0.67
1075.271	-0.76
1075.512	-1.19
1075.753	-0.95
1075.994	-1.03
1076.235	-1.3
1076.476	-1.5
1076.717	-1.44
1076.958	-1.49
1077.199	-1.45
1077.439	-1.53
1077.68	-1.6
1077.921	-1.25
1078.162	-0.77
1078.403	-0.79
1078.644	-1
1078.885	-0.62
1079.126	-0.58
1079.367	-0.2
1079.608	0.05
1079.848	-0.1
1080.089	-0.26
1080.33	-0.29
1080.571	-0.67
1080.812	-0.91
1081.053	-0.98
1081.293	-0.92
1081.534	-0.95
1081.775	-0.81
1082.016	-1.19
1082.257	-1.31
1082.497	-1.01
1082.738	-0.71
1082.979	-0.63
1083.219	-0.65
1083.46	-0.69
1083.701	-0.68
1083.942	-0.21
1084.182	-0.5
1084.423	-0.79
1084.664	-0.87
1084.904	-0.84
1085.145	-0.92
1085.386	-0.79
1085.626	-0.91
1085.867	-1.07
1086.107	-1.1
1086.348	-0.79
1086.589	-1.11
1086.829	-1.11
1087.07	-0.73
1087.31	-0.63
1087.551	-0.73
1087.791	-0.9
1088.032	-1.41
1088.272	-1.45
1088.513	-1.29
1088.753	-1.12
1088.994	-1.56
1089.234	-1.73
1089.475	-1.64
1089.715	-1.9
1089.956	-2.04
1090.196	-1.92
1090.437	-1.96
1090.677	-1.73
1090.917	-1.61
1091.158	-1.61
1091.398	-1.66
1091.639	-1.52
1091.879	-1.39
1092.119	-1.36
1092.36	-1.17
1092.6	-1.12
1092.84	-1.24
1093.081	-0.74
1093.321	-0.74
1093.561	-0.49
1093.802	-0.7
1094.042	-0.89
1094.282	-0.82
1094.522	-0.94
1094.763	-1.06
1095.003	-1.1
1095.243	-0.91
1095.483	-0.79
1095.724	-1.05
1095.964	-1.28
1096.204	-1.75
1096.444	-1.59
1096.684	-1.33
1096.925	-1.52
1097.165	-1.68
1097.405	-1.72
1097.645	-1.87
1097.885	-1.92
1098.125	-2.13
1098.365	-2.44
1098.605	-2.05
1098.846	-1.91
1099.086	-1.65
1099.326	-1.64
1099.566	-1.66
1099.806	-1.29
1100.046	-1.19
1100.286	-0.97
1100.526	-1.17
1100.766	-1.05
1101.006	-0.82
1101.246	-1.24
1101.486	-1.25
1101.726	-1.49
1101.966	-1.66
1102.206	-1.65
1102.446	-1.84
1102.686	-1.92
1102.926	-1.87
1103.166	-1.71
1103.405	-1.69
1103.645	-1.79
1103.885	-1.63
1104.125	-1.8
1104.365	-1.8
1104.605	-1.75
1104.845	-1.76
1105.085	-1.67
1105.324	-1.76
1105.564	-2.1
1105.804	-2.18
1106.044	-1.97
1106.284	-1.63
1106.523	-1.4
1106.763	-1.08
1107.003	-0.88
1107.243	-0.99
1107.482	-0.56
1107.722	-0.65
1107.962	-0.37
1108.202	-0.02
1108.441	-0
1108.681	-0.32
1108.921	-0.51
1109.16	-0.78
1109.4	-0.86
1109.64	-1.26
1109.879	-1
1110.119	-1.25
1110.359	-1.18
1110.598	-1.38
1110.838	-1.8
1111.077	-1.87
1111.317	-1.89
1111.557	-2.01
1111.796	-1.99
1112.036	-2.08
1112.275	-1.98
1112.515	-1.88
1112.754	-1.81
1112.994	-2.19
1113.233	-1.94
1113.473	-1.81
1113.712	-1.81
1113.952	-1.72
1114.191	-1.72
1114.431	-1.79
1114.67	-1.93
1114.91	-1.38
1115.149	-1.72
1115.389	-1.82
1115.628	-1.35
1115.867	-1.37
1116.107	-1.18
1116.346	-1.19
1116.585	-1.19
1116.825	-1.12
1117.064	-0.9
1117.304	-0.95
1117.543	-1.57
1117.782	-1.7
1118.021	-1.57
1118.261	-1.86
1118.5	-2.27
1118.739	-2.64
1118.979	-2.66
1119.218	-2.84
1119.457	-3.05
1119.696	-3.17
1119.936	-3.09
1120.175	-2.92
1120.414	-2.56
1120.653	-2.86
1120.893	-2.88
1121.132	-2.48
1121.371	-2.26
1121.61	-2.05
1121.849	-2.03
1122.088	-2.14
1122.328	-2.14
1122.567	-2.33
1122.806	-2.25
1123.045	-2.55
1123.284	-2.56
1123.523	-2.54
1123.762	-2.54
1124.001	-2.63
1124.24	-2.81
1124.479	-2.54
1124.718	-2.29
1124.957	-2.61
1125.196	-2.31
1125.435	-2.49
1125.674	-2.62
1125.913	-2.66
1126.152	-2.71
1126.391	-2.98
1126.63	-3.15
1126.869	-3.2
1127.108	-3.56
1127.347	-3.76
1127.586	-3.51
1127.825	-3.78
