Data from HR4C45961_13-08-10-452.txt Node
195.373	-311.71
195.645	-267.33
195.916	-233.69
196.187	-207.63
196.459	-186.95
196.73	-170
197.002	-113.63
197.273	-57.32
197.544	-1.06
197.816	-0.07
198.087	0.11
198.358	0.19
198.63	0.25
198.901	0.2
199.172	0.16
199.444	0.36
199.715	0.57
199.986	0.68
200.257	0.74
200.529	0.77
200.8	0.69
201.071	0.86
201.343	1.22
201.614	1.37
201.885	1.25
202.156	1.36
202.427	1.4
202.699	1.4
202.97	1.3
203.241	1.42
203.512	1.54
203.783	1.75
204.055	1.7
204.326	1.56
204.597	1.73
204.868	1.88
205.139	1.81
205.41	1.88
205.681	1.98
205.952	2.03
206.224	2.09
206.495	2.22
206.766	2.53
207.037	2.69
207.308	2.95
207.579	2.99
207.85	3.11
208.121	3.34
208.392	3.52
208.663	3.62
208.934	3.73
209.205	3.75
209.476	3.92
209.747	3.81
210.018	4.1
210.289	4.17
210.56	4.23
210.831	4.46
211.102	4.51
211.373	4.52
211.644	4.59
211.915	4.61
212.186	4.7
212.457	4.62
212.728	4.54
212.999	4.3
213.269	4.2
213.54	4.24
213.811	4.1
214.082	3.98
214.353	3.93
214.624	3.99
214.895	4.25
215.165	4.32
215.436	4.58
215.707	4.71
215.978	4.75
216.249	4.71
216.52	4.72
216.79	4.76
217.061	4.92
217.332	5.02
217.603	4.92
217.873	4.75
218.144	4.58
218.415	4.32
218.686	4.04
218.956	3.93
219.227	3.87
219.498	3.95
219.768	3.83
220.039	3.6
220.31	3.48
220.58	3.53
220.851	3.5
221.122	3.57
221.392	3.56
221.663	3.79
221.934	3.97
222.204	4.06
222.475	4.01
222.746	4.17
223.016	4.47
223.287	4.64
223.557	4.54
223.828	4.47
224.098	4.42
224.369	4.46
224.64	4.66
224.91	4.58
225.181	4.52
225.451	4.47
225.722	4.39
225.992	4.37
226.263	4.37
226.533	4.66
226.804	5.04
227.074	5.08
227.345	4.98
227.615	4.6
227.886	4.67
228.156	4.59
228.426	4.61
228.697	4.62
228.967	4.53
229.238	4.33
229.508	4.09
229.779	3.81
230.049	3.77
230.319	3.86
230.59	3.97
230.86	3.83
231.13	3.93
231.401	3.9
231.671	3.85
231.941	3.9
232.212	4
232.482	3.89
232.752	3.92
233.023	3.82
233.293	3.64
233.563	3.86
233.834	3.99
234.104	3.81
234.374	3.96
234.644	3.93
234.915	4.02
235.185	3.77
235.455	3.96
235.725	3.93
235.995	3.99
236.266	4.09
236.536	4.03
236.806	3.9
237.076	4.15
237.346	3.92
237.616	4.04
237.887	3.76
238.157	3.96
238.427	3.64
238.697	3.4
238.967	3.51
239.237	3.48
239.507	3.34
239.777	3.31
240.048	3.26
240.318	3.22
240.588	3.01
240.858	3.02
241.128	2.98
241.398	3.27
241.668	3.29
241.938	3.21
242.208	3.14
242.478	3.04
242.748	2.96
243.018	2.81
243.288	2.88
243.558	3.08
243.828	3.15
244.098	3
244.368	2.79
244.638	3.02
244.908	2.89
245.178	3.02
245.448	3.1
245.718	3.08
245.987	3.19
246.257	3.21
246.527	2.94
246.797	2.95
247.067	3.05
247.337	3.03
247.607	3.1
247.877	3.17
248.146	3.1
248.416	3.17
248.686	3.19
248.956	3.01
249.226	3.01
249.496	2.89
249.765	2.78
250.035	2.62
250.305	2.62
250.575	2.47
250.844	2.56
251.114	2.44
251.384	2.29
251.654	2.29
251.923	2.36
252.193	2.37
252.463	2.61
252.732	2.74
253.002	2.87
253.272	2.86
253.542	2.77
253.811	2.68
254.081	2.65
254.351	2.69
254.62	2.61
254.89	2.66
255.159	2.32
255.429	2.25
255.699	2.13
255.968	2.1
256.238	2.1
256.507	2.05
256.777	1.88
257.047	1.89
257.316	1.9
257.586	2
257.855	1.88
258.125	1.97
258.394	1.94
258.664	1.96
258.933	1.83
259.203	1.8
259.472	1.71
259.742	1.79
260.011	1.76
260.281	1.56
260.55	1.64
260.82	1.67
261.089	1.71
261.359	1.79
261.628	1.68
261.898	1.73
262.167	1.59
262.436	1.62
262.706	1.62
262.975	1.6
263.245	1.65
263.514	1.43
263.783	1.21
264.053	1.08
264.322	0.96
264.591	0.99
264.861	0.93
265.13	1.01
265.399	0.81
265.669	0.69
265.938	0.73
266.207	0.73
266.477	0.81
266.746	0.92
267.015	0.95
267.284	0.84
267.554	0.69
267.823	0.69
268.092	0.58
268.361	0.62
268.631	0.5
268.9	0.29
269.169	0.2
269.438	0.13
269.707	0.01
269.977	0.03
270.246	-0.11
270.515	-0.12
270.784	-0.06
271.053	-0.04
271.322	-0.01
271.591	-0.09
271.861	-0.03
272.13	-0.15
272.399	-0.26
272.668	-0.37
272.937	-0.59
273.206	-0.5
273.475	-0.5
273.744	-0.63
274.013	-0.65
274.282	-0.56
274.551	-0.43
274.82	-0.61
275.089	-0.57
275.358	-0.59
275.627	-0.5
275.896	-0.28
276.165	-0.17
276.434	-0.23
276.703	-0.17
276.972	-0.27
277.241	-0.44
277.51	-0.54
277.779	-0.52
278.048	-0.69
278.317	-0.78
278.586	-0.71
278.855	-0.74
279.124	-0.9
279.393	-0.99
279.662	-1.03
279.93	-1.12
280.199	-1.22
280.468	-1.2
280.737	-1.14
281.006	-1.07
281.275	-1.08
281.544	-1.28
281.812	-1.6
282.081	-1.68
282.35	-1.61
282.619	-1.71
282.888	-1.73
283.156	-1.79
283.425	-1.63
283.694	-1.73
283.963	-1.85
284.231	-1.78
284.5	-1.75
284.769	-1.72
285.038	-1.67
285.306	-1.69
285.575	-1.7
285.844	-1.82
286.112	-1.84
286.381	-1.99
286.65	-1.69
286.918	-1.49
287.187	-1.62
287.456	-1.7
287.724	-1.6
287.993	-1.81
288.262	-1.78
288.53	-1.85
288.799	-1.6
289.067	-1.66
289.336	-1.73
289.604	-1.95
289.873	-2.01
290.142	-1.94
290.41	-1.84
290.679	-1.96
290.947	-1.79
291.216	-1.93
291.484	-1.92
291.753	-2.03
292.021	-1.97
292.29	-2.13
292.558	-2.24
292.827	-2.25
293.095	-2.33
293.364	-2.54
293.632	-2.59
293.901	-2.55
294.169	-2.38
294.438	-2.38
294.706	-2.37
294.974	-2.35
295.243	-2.19
295.511	-2.22
295.78	-2.28
296.048	-2.32
296.316	-2.34
296.585	-2.26
296.853	-2.44
297.121	-2.68
297.39	-2.9
297.658	-3.03
297.926	-3.05
298.195	-3.13
298.463	-2.97
298.731	-3.11
299	-3.16
299.268	-3.09
299.536	-3.05
299.804	-2.99
300.073	-3.09
300.341	-3.02
300.609	-2.84
300.877	-2.81
301.146	-2.79
301.414	-3.06
301.682	-3.06
301.95	-2.96
302.218	-2.9
302.487	-2.97
302.755	-3.03
303.023	-2.94
303.291	-2.81
303.559	-2.85
303.827	-3.01
304.096	-3.22
304.364	-3.14
304.632	-3.01
304.9	-2.92
305.168	-2.93
305.436	-2.94
305.704	-2.94
305.972	-2.76
306.24	-2.7
306.508	-2.74
306.776	-2.62
307.045	-2.47
307.313	-2.54
307.581	-2.6
307.849	-2.81
308.117	-2.93
308.385	-2.84
308.653	-2.62
308.921	-2.81
309.189	-2.91
309.457	-2.93
309.724	-2.93
309.992	-2.8
310.26	-2.76
310.528	-2.89
310.796	-2.96
311.064	-2.94
311.332	-2.88
311.6	-2.99
311.868	-2.99
312.136	-3
312.404	-2.92
312.672	-2.97
312.939	-2.95
313.207	-2.79
313.475	-2.58
313.743	-2.38
314.011	-2.22
314.279	-2.34
314.546	-2.32
314.814	-2.31
315.082	-2.28
315.35	-2.18
315.618	-2.14
315.885	-2.31
316.153	-2.33
316.421	-2.35
316.689	-2.47
316.956	-2.6
317.224	-2.49
317.492	-2.6
317.759	-2.49
318.027	-2.52
318.295	-2.9
318.563	-2.98
318.83	-2.96
319.098	-2.91
319.366	-2.93
319.633	-2.85
319.901	-2.84
320.169	-2.95
320.436	-2.99
320.704	-3.17
320.971	-3.11
321.239	-2.85
321.507	-2.56
321.774	-2.35
322.042	-2.46
322.309	-2.39
322.577	-2.34
322.844	-2.06
323.112	-1.86
323.38	-1.79
323.647	-1.7
323.915	-1.84
324.182	-1.92
324.45	-2.22
324.717	-2.32
324.985	-2.36
325.252	-2.54
325.52	-2.46
325.787	-2.6
326.054	-2.68
326.322	-2.69
326.589	-2.72
326.857	-2.7
327.124	-2.74
327.392	-2.5
327.659	-2.62
327.926	-2.63
328.194	-2.48
328.461	-2.46
328.729	-2.59
328.996	-2.61
329.263	-2.73
329.531	-2.59
329.798	-2.41
330.065	-2.38
330.333	-2.51
330.6	-2.41
330.867	-2.41
331.135	-2.59
331.402	-2.74
331.669	-2.62
331.936	-2.72
332.204	-2.51
332.471	-2.7
332.738	-2.85
333.005	-2.84
333.273	-2.68
333.54	-2.64
333.807	-2.41
334.074	-2.1
334.341	-2.06
334.609	-2.07
334.876	-2.04
335.143	-2.14
335.41	-1.91
335.677	-1.68
335.944	-1.6
336.212	-1.59
336.479	-1.55
336.746	-1.59
337.013	-1.72
337.28	-1.76
337.547	-1.78
337.814	-1.81
338.081	-1.54
338.348	-1.47
338.616	-1.47
338.883	-1.41
339.15	-1.49
339.417	-1.46
339.684	-1.46
339.951	-1.29
340.218	-1.2
340.485	-1.23
340.752	-1.08
341.019	-1.06
341.286	-1.11
341.553	-1.26
341.82	-1.22
342.087	-1.23
342.354	-1.06
342.62	-1.09
342.887	-1.06
343.154	-0.97
343.421	-0.77
343.688	-0.86
343.955	-1.04
344.222	-1.06
344.489	-0.87
344.756	-0.91
345.023	-0.89
345.289	-1.12
345.556	-0.94
345.823	-1.12
346.09	-1.08
346.357	-1.19
346.624	-0.93
346.89	-0.92
347.157	-0.92
347.424	-0.87
347.691	-0.87
347.958	-0.91
348.224	-0.82
348.491	-0.86
348.758	-0.65
349.025	-0.73
349.291	-0.74
349.558	-0.84
349.825	-0.77
350.091	-0.73
350.358	-0.89
350.625	-0.86
350.891	-0.75
351.158	-0.83
351.425	-0.83
351.691	-0.85
351.958	-0.71
352.225	-0.56
352.491	-0.68
352.758	-0.6
353.025	-0.59
353.291	-0.54
353.558	-0.32
353.824	-0.37
354.091	-0.29
354.358	-0.33
354.624	-0.27
354.891	-0.32
355.157	-0.41
355.424	-0.24
355.69	-0.23
355.957	-0.11
356.223	0.12
356.49	-0.04
356.756	0.08
357.023	0.13
357.289	0.17
357.556	0.17
357.822	0.12
358.089	0.21
358.355	0.38
358.622	0.38
358.888	0.22
359.154	0.11
359.421	0.2
359.687	0.2
359.954	0.1
360.22	0.1
360.486	0.05
360.753	0.27
361.019	0.22
361.286	0.07
361.552	0.08
361.818	0.16
362.085	0.1
362.351	0.06
362.617	0.07
362.884	0.15
363.15	0.34
363.416	0.46
363.682	0.33
363.949	0.34
364.215	0.3
364.481	0.33
364.747	0.49
365.014	0.67
365.28	0.58
365.546	0.61
365.812	0.74
366.079	0.59
366.345	0.67
366.611	0.92
366.877	1.05
367.143	1.11
367.409	1.06
367.676	1.05
367.942	0.97
368.208	1.03
368.474	1.12
368.74	0.98
369.006	1.01
369.272	0.8
369.538	0.57
369.805	0.53
370.071	0.57
370.337	0.49
370.603	0.49
370.869	0.5
371.135	0.71
371.401	0.61
371.667	0.89
371.933	0.98
372.199	1.08
372.465	1.25
372.731	1.36
372.997	1.24
373.263	1.4
373.529	1.29
373.795	1.07
374.061	0.72
374.327	0.89
374.593	0.61
374.859	0.65
375.125	0.65
375.39	0.64
375.656	0.54
375.922	0.62
376.188	0.63
376.454	0.84
376.72	0.96
376.986	1.14
377.252	0.97
377.517	1.09
377.783	1.14
378.049	1.18
378.315	0.96
378.581	1.01
378.847	1.09
379.112	1
379.378	0.76
379.644	0.7
379.91	0.64
380.175	0.65
380.441	0.69
380.707	0.7
380.973	0.82
381.238	0.99
381.504	1.03
381.77	0.9
382.036	0.87
382.301	1.15
382.567	1.42
382.833	1.53
383.098	1.63
383.364	1.59
383.63	1.49
383.895	1.3
384.161	1.14
384.427	0.93
384.692	0.98
384.958	1.03
385.223	0.65
385.489	0.39
385.755	0.46
386.02	0.58
386.286	0.53
386.551	0.59
386.817	0.57
387.082	0.53
387.348	0.62
387.613	0.65
387.879	0.71
388.144	0.95
388.41	1.05
388.675	1.06
388.941	0.95
389.206	1.04
389.472	0.95
389.737	0.9
390.003	1.03
390.268	1.09
390.534	1.04
390.799	0.96
391.064	0.95
391.33	0.9
391.595	0.8
391.861	0.97
392.126	0.92
392.391	1.03
392.657	1.02
392.922	0.92
393.188	0.95
393.453	0.89
393.718	0.83
393.984	0.72
394.249	0.77
394.514	0.74
394.779	0.62
395.045	0.58
395.31	0.69
395.575	0.76
395.841	0.81
396.106	0.63
396.371	0.54
396.636	0.61
396.902	0.66
397.167	0.84
397.432	0.84
397.697	0.77
397.962	0.66
398.228	0.31
398.493	0.16
398.758	0.11
399.023	0.09
399.288	0.39
399.553	0.44
399.819	0.48
400.084	0.4
400.349	0.33
400.614	0.33
400.879	0.54
401.144	0.62
401.409	0.79
401.674	0.89
401.939	1.1
402.204	0.89
402.469	0.83
402.734	0.86
403	0.94
403.265	0.94
403.53	0.84
403.795	0.69
404.06	0.69
404.325	0.54
404.59	0.54
404.855	0.42
405.12	0.6
405.384	0.5
405.649	0.47
405.914	0.32
406.179	0.4
406.444	0.47
406.709	0.53
406.974	0.55
407.239	0.72
407.504	0.59
407.769	0.61
408.034	0.44
408.299	0.7
408.563	0.59
408.828	0.55
409.093	0.44
409.358	0.38
409.623	0.3
409.888	0.24
410.152	0.1
410.417	0.03
410.682	0.04
410.947	0
411.212	-0.09
411.476	0.03
411.741	-0.08
412.006	-0.2
412.271	-0.28
412.535	-0.23
412.8	-0.28
413.065	-0.31
413.329	-0.33
413.594	-0.48
413.859	-0.47
414.124	-0.58
414.388	-0.73
414.653	-0.63
414.918	-0.55
415.182	-0.54
415.447	-0.45
415.711	-0.41
415.976	-0.33
416.241	-0.26
416.505	-0.19
416.77	-0.21
417.034	-0.23
417.299	-0.24
417.564	-0.16
417.828	-0.09
418.093	-0.07
418.357	-0.07
418.622	0.08
418.886	0.07
419.151	0.07
419.415	0.12
419.68	0.22
419.944	0.13
420.209	0.08
420.473	-0.15
420.738	-0.03
421.002	0.07
421.267	-0.08
421.531	-0.29
421.796	-0.16
422.06	-0.16
422.325	-0.25
422.589	-0.41
422.853	-0.29
423.118	-0.19
423.382	-0.13
423.646	-0.22
423.911	-0.3
424.175	-0.21
424.44	-0.2
424.704	-0.43
424.968	-0.46
425.233	-0.4
425.497	-0.26
425.761	-0.23
426.026	-0.4
426.29	-0.41
426.554	-0.46
426.818	-0.56
427.083	-0.68
427.347	-0.68
427.611	-0.67
427.875	-0.68
428.14	-0.69
428.404	-0.74
428.668	-0.77
428.932	-0.85
429.197	-0.79
429.461	-0.8
429.725	-0.71
429.989	-0.51
430.253	-0.26
430.517	-0.25
430.782	-0.19
431.046	-0.03
431.31	0.29
431.574	0.39
431.838	0.74
432.102	0.83
432.366	1.07
432.63	1.21
432.894	1.05
433.159	0.9
433.423	1.11
433.687	1.27
433.951	1.14
434.215	0.99
434.479	1.19
434.743	1.22
435.007	1.11
435.271	1.08
435.535	1.17
435.799	1.43
436.063	1.62
436.327	1.68
436.591	1.75
436.855	1.95
437.119	1.99
437.383	2
437.646	2.01
437.91	2.12
438.174	2.03
438.438	2.05
438.702	2.12
438.966	2.14
439.23	2.21
439.494	2.07
439.758	1.85
440.021	1.68
440.285	1.48
440.549	1.39
440.813	1.3
441.077	1.31
441.341	1.15
441.604	0.73
441.868	0.43
442.132	0.16
442.396	0.04
442.66	0.11
442.923	0.12
443.187	0.14
443.451	0.15
443.715	0.08
443.978	0.04
444.242	0
444.506	0.16
444.769	0.34
445.033	0.44
445.297	0.67
445.56	0.82
445.824	0.86
446.088	0.93
446.351	0.97
446.615	0.99
446.879	0.98
447.142	0.99
447.406	1.04
447.669	0.95
447.933	0.82
448.197	0.72
448.46	0.54
448.724	0.51
448.987	0.44
449.251	0.44
449.515	0.61
449.778	0.67
450.042	0.59
450.305	0.51
450.569	0.64
450.832	0.71
451.096	0.68
451.359	0.62
451.623	0.82
451.886	0.86
452.15	0.86
452.413	0.86
452.676	0.96
452.94	1.09
453.203	1.14
453.467	1.01
453.73	1.14
453.994	1.15
454.257	1.16
454.52	0.98
454.784	0.82
455.047	0.81
455.31	0.76
455.574	0.61
455.837	0.69
456.1	0.75
456.364	0.75
456.627	0.64
456.89	0.56
457.154	0.53
457.417	0.4
457.68	0.38
457.944	0.32
458.207	0.14
458.47	0.16
458.733	0.11
458.997	-0.1
459.26	-0.26
459.523	-0.44
459.786	-0.45
460.049	-0.29
460.313	-0.17
460.576	-0.12
460.839	-0.22
461.102	-0.03
461.365	-0.13
461.628	-0.2
461.892	-0.09
462.155	0.06
462.418	0.22
462.681	0.23
462.944	0.15
463.207	0.18
463.47	0.11
463.733	0.12
463.996	0.07
464.26	0.15
464.523	-0.07
464.786	-0.19
465.049	-0.33
465.312	-0.23
465.575	-0.21
465.838	-0.41
466.101	-0.56
466.364	-0.45
466.627	-0.47
466.89	-0.67
467.153	-0.82
467.416	-0.57
467.679	-0.52
467.942	-0.56
468.205	-0.77
468.467	-0.93
468.73	-0.92
468.993	-0.87
469.256	-1.04
469.519	-1.01
469.782	-1.03
470.045	-1.08
470.308	-1.22
470.571	-1.3
470.834	-1.13
471.096	-1.15
471.359	-1.07
471.622	-1.04
471.885	-1.18
472.148	-1.07
472.41	-1.26
472.673	-1.08
472.936	-1.01
473.199	-1.01
473.462	-0.96
473.724	-1.01
473.987	-0.87
474.25	-0.73
474.513	-0.54
474.775	-0.49
475.038	-0.63
475.301	-0.47
475.563	-0.6
475.826	-0.45
476.089	-0.5
476.352	-0.57
476.614	-0.59
476.877	-0.62
477.139	-0.58
477.402	-0.77
477.665	-0.73
477.927	-0.64
478.19	-0.62
478.453	-0.43
478.715	-0.28
478.978	-0.14
479.24	0.01
479.503	0.17
479.766	0.43
480.028	0.49
480.291	0.53
480.553	0.71
480.816	0.74
481.078	0.9
481.341	0.82
481.603	0.72
481.866	0.77
482.128	0.76
482.391	0.72
482.653	0.63
482.916	0.64
483.178	0.91
483.441	1.01
483.703	1.29
483.965	1.5
484.228	1.71
484.49	2.07
484.753	2.37
485.015	2.75
485.277	3.03
485.54	3.2
485.802	3.39
486.065	3.74
486.327	4.04
486.589	4.38
486.852	4.65
487.114	4.83
487.376	4.98
487.638	5.07
487.901	5.28
488.163	5.29
488.425	5.51
488.688	5.67
488.95	5.71
489.212	5.94
489.474	6.01
489.737	6.03
489.999	6.01
490.261	5.84
490.523	5.92
490.786	5.67
491.048	5.85
491.31	5.68
491.572	5.51
491.834	5.29
492.096	5.09
492.359	5.09
492.621	4.8
492.883	4.82
493.145	4.75
493.407	4.75
493.669	4.73
493.931	4.44
494.193	4.5
494.455	4.5
494.718	4.52
494.98	4.41
495.242	4.07
495.504	4.09
495.766	4.02
496.028	3.87
496.29	3.64
496.552	3.44
496.814	3.55
497.076	3.4
497.338	3.37
497.6	3.19
497.862	3.16
498.124	2.95
498.386	2.83
498.648	2.64
498.91	2.53
499.172	2.32
499.433	2.27
499.695	1.99
499.957	1.91
500.219	1.78
500.481	1.61
500.743	1.46
501.005	1.54
501.267	1.3
501.529	1.48
501.79	1.5
502.052	1.57
502.314	1.51
502.576	1.45
502.838	1.3
503.099	1.16
503.361	1.3
503.623	1.19
503.885	0.94
504.147	1.03
504.408	0.84
504.67	0.71
504.932	0.48
505.194	0.44
505.455	0.42
505.717	0.36
505.979	0.41
506.24	0.38
506.502	0.24
506.764	0.38
507.025	0.29
507.287	0.22
507.549	0.34
507.81	0.5
508.072	0.54
508.334	0.72
508.595	0.71
508.857	0.54
509.119	0.42
509.38	0.57
509.642	0.61
509.903	0.75
510.165	0.73
510.426	0.83
510.688	0.85
510.949	0.82
511.211	0.51
511.473	0.5
511.734	0.58
511.996	0.76
512.257	0.64
512.519	0.77
512.78	0.68
513.042	0.82
513.303	0.64
513.564	0.56
513.826	0.62
514.087	0.85
514.349	0.92
514.61	0.98
514.872	1
515.133	1.17
515.394	1.11
515.656	1.1
515.917	1
516.179	1.03
516.44	1.02
516.701	1.03
516.963	0.9
517.224	0.96
517.485	1
517.747	0.95
518.008	0.75
518.269	0.63
518.53	0.8
518.792	0.9
519.053	1.07
519.314	1.17
519.576	1.32
519.837	1.51
520.098	1.53
520.359	1.45
520.62	1.37
520.882	1.5
521.143	1.5
521.404	1.32
521.665	1.23
521.926	1.11
522.188	1.16
522.449	0.94
522.71	0.89
522.971	0.86
523.232	0.95
523.493	1.2
523.755	1.29
524.016	1.47
524.277	1.44
524.538	1.4
524.799	1.27
525.06	1.09
525.321	1.13
525.582	1.23
525.843	1.21
526.104	1.27
526.365	0.95
526.626	0.94
526.887	0.88
527.148	0.92
527.409	0.96
527.67	1.11
527.931	1.18
528.192	1.22
528.453	1.03
528.714	1.08
528.975	1.05
529.236	1.28
529.497	1.28
529.758	1.26
530.019	1.16
530.28	1.28
530.541	1.23
530.801	1.31
531.062	1.5
531.323	1.73
531.584	1.86
531.845	2
532.106	1.98
532.367	2.12
532.627	2.25
532.888	2.59
533.149	2.81
533.41	2.91
533.671	2.97
533.931	3.09
534.192	3.12
534.453	3.06
534.714	3.19
534.974	3.48
535.235	3.7
535.496	3.95
535.757	4.13
536.017	4.31
536.278	5.1
536.539	5.62
536.799	6.02
537.06	6.55
537.321	7.42
537.581	8.2
537.842	8.84
538.103	9.65
538.363	10.46
538.624	11.59
538.885	12.54
539.145	13.1
539.406	14.17
539.666	15.34
539.927	16.64
540.188	17.81
540.448	18.95
540.709	20.38
540.969	21.66
541.23	22.99
541.49	24.19
541.751	25.71
542.011	27.2
542.272	28.41
542.532	29.69
542.793	30.95
543.053	32.17
543.314	33.31
543.574	34.22
543.835	35.12
544.095	35.89
544.356	36.6
544.616	37.21
544.876	37.88
545.137	38.41
545.397	38.67
545.658	38.76
545.918	38.63
546.178	38.56
546.439	38.34
546.699	37.98
546.959	37.66
547.22	37.27
547.48	36.53
547.74	35.43
548.001	34.47
548.261	33.4
548.521	32.32
548.782	31.32
549.042	29.93
549.302	28.57
549.562	27.09
549.823	25.58
550.083	23.91
550.343	22.33
550.603	21.15
550.864	19.74
551.124	18.4
551.384	17.28
551.644	16.07
551.904	15.24
552.165	14.46
552.425	13.74
552.685	12.9
552.945	12.29
553.205	11.78
553.465	11.08
553.725	10.58
553.986	10.2
554.246	9.71
554.506	9.01
554.766	8.29
555.026	7.69
555.286	7.26
555.546	6.91
555.806	6.47
556.066	6.1
556.326	5.93
556.586	5.64
556.846	5.4
557.106	5.04
557.366	4.87
557.626	4.66
557.886	4.38
558.146	4.1
558.406	3.97
558.666	3.68
558.926	3.35
559.186	2.84
559.446	2.75
559.706	2.26
559.966	2.03
560.226	1.88
560.486	1.77
560.746	1.7
561.005	1.65
561.265	1.55
561.525	1.59
561.785	1.62
562.045	1.66
562.305	1.56
562.564	1.92
562.824	2.02
563.084	2.12
563.344	2.31
563.604	2.32
563.863	2.22
564.123	2.31
564.383	2.38
564.643	2.41
564.903	2.49
565.162	2.38
565.422	2.19
565.682	2.25
565.941	2.2
566.201	2.14
566.461	2.15
566.721	2.14
566.98	2.1
567.24	1.98
567.5	1.92
567.759	1.87
568.019	1.83
568.278	1.8
568.538	1.63
568.798	1.71
569.057	1.65
569.317	1.51
569.577	1.62
569.836	1.78
570.096	2.05
570.355	2.13
570.615	2.24
570.874	2.31
571.134	2.28
571.393	2.39
571.653	2.31
571.912	2.36
572.172	2.39
572.431	2.39
572.691	2.26
572.95	2.16
573.21	2.35
573.469	2.56
573.729	2.79
573.988	2.91
574.248	2.88
574.507	2.97
574.767	3.07
575.026	3.45
575.285	3.66
575.545	3.81
575.804	3.93
576.063	4.04
576.323	3.99
576.582	4.05
576.842	4.41
577.101	4.69
577.36	4.88
577.62	5.09
577.879	5.24
578.138	5.63
578.397	5.79
578.657	5.99
578.916	6.15
579.175	6.42
579.435	6.63
579.694	6.73
579.953	6.95
580.212	7.25
580.471	7.69
580.731	7.91
580.99	7.94
581.249	8.2
581.508	8.37
581.767	8.51
582.027	8.72
582.286	9.07
582.545	9.33
582.804	9.5
583.063	9.74
583.322	9.74
583.581	9.85
583.841	9.98
584.1	10.09
584.359	10.31
584.618	10.51
584.877	10.58
585.136	10.5
585.395	10.6
585.654	10.75
585.913	10.69
586.172	10.9
586.431	10.98
586.69	10.91
586.949	10.98
587.208	11.02
587.467	11.01
587.726	11.14
587.985	11.31
588.244	11.44
588.503	11.27
588.762	11.36
589.021	11.1
589.28	11.11
589.539	11.06
589.798	11.05
590.057	10.81
590.316	10.74
590.574	10.51
590.833	10.16
591.092	9.78
591.351	9.66
591.61	9.35
591.869	9.09
592.128	8.77
592.386	8.58
592.645	8.22
592.904	8.13
593.163	7.77
593.422	7.56
593.68	7.42
593.939	7.05
594.198	6.78
594.457	6.65
594.715	6.49
594.974	6.22
595.233	6.1
595.492	5.82
595.75	5.6
596.009	5.5
596.268	5.28
596.526	4.98
596.785	4.94
597.044	4.74
597.302	4.58
597.561	4.44
597.82	4.36
598.078	4.12
598.337	4.04
598.595	3.91
598.854	3.74
599.113	3.71
599.371	3.83
599.63	3.93
599.888	4.06
600.147	4.04
600.405	3.99
600.664	4.02
600.923	4.08
601.181	4.07
601.44	4.09
601.698	4.2
601.957	4.2
602.215	4.35
602.474	4.21
602.732	4.13
602.99	3.91
603.249	4.01
603.507	3.88
603.766	3.97
604.024	4.2
604.283	4.24
604.541	4.4
604.799	4.74
605.058	4.98
605.316	5.39
605.575	5.93
605.833	6.57
606.091	7.21
606.35	7.91
606.608	8.67
606.866	9.54
607.125	10.36
607.383	11.13
607.641	11.83
607.9	12.51
608.158	13.4
608.416	14.06
608.674	14.99
608.933	15.64
609.191	16.49
609.449	17.14
609.707	17.99
609.966	18.94
610.224	19.98
610.482	20.89
610.74	21.73
610.998	22.66
611.257	23.74
611.515	24.57
611.773	25.69
612.031	26.5
612.289	27.34
612.547	27.96
612.806	28.64
613.064	29.03
613.322	29.32
613.58	29.74
613.838	29.63
614.096	29.52
614.354	29.37
614.612	28.81
614.87	28.29
615.128	27.66
615.386	26.87
615.644	25.8
615.902	24.79
616.16	23.78
616.418	22.44
616.676	21.22
616.934	19.84
617.192	18.48
617.45	17.29
617.708	16.16
617.966	15.13
618.224	14.03
618.482	13.23
618.74	12.31
618.998	11.58
619.256	11.04
619.514	10.65
619.772	10.42
620.03	10.23
620.287	9.84
620.545	9.67
620.803	9.47
621.061	9.21
621.319	9.07
621.577	9.03
621.834	8.87
622.092	8.9
622.35	8.69
622.608	8.49
622.866	8.23
623.123	8.24
623.381	8.26
623.639	8.02
623.897	7.83
624.154	7.51
624.412	7.38
624.67	7.34
624.928	6.93
625.185	6.84
625.443	6.64
625.701	6.81
625.958	6.6
626.216	6.16
626.474	6.21
626.731	6.29
626.989	6.23
627.247	6.18
627.504	6.09
627.762	6.05
628.02	6
628.277	6
628.535	5.67
628.792	5.72
629.05	5.81
629.307	5.81
629.565	5.67
629.823	5.76
630.08	5.45
630.338	5.26
630.595	5.17
630.853	5.13
631.11	5.11
631.368	5
631.625	4.85
631.883	4.89
632.14	4.69
632.397	4.54
632.655	4.47
632.912	4.67
633.17	4.61
633.427	4.62
633.685	4.5
633.942	4.39
634.199	4.26
634.457	4.18
634.714	3.77
634.972	3.6
635.229	3.47
635.486	3.08
635.744	2.7
636.001	2.54
636.258	2.22
636.516	2
636.773	1.82
637.03	1.81
637.288	1.65
637.545	1.74
637.802	1.71
638.059	1.64
638.317	1.58
638.574	1.56
638.831	1.56
639.088	1.73
639.346	1.66
639.603	1.53
639.86	1.32
640.117	1.13
640.374	1.03
640.631	0.95
640.889	0.88
641.146	0.98
641.403	0.99
641.66	0.95
641.917	0.81
642.174	0.92
642.431	0.89
642.689	1.06
642.946	1.21
643.203	1.07
643.46	1
643.717	1.03
643.974	0.97
644.231	0.92
644.488	0.72
644.745	0.7
645.002	0.67
645.259	0.79
645.516	0.68
645.773	0.68
646.03	0.87
646.287	0.92
646.544	1.06
646.801	1.28
647.058	1.37
647.315	1.58
647.572	1.6
647.829	1.45
648.086	1.34
648.343	1.5
648.6	1.49
648.856	1.42
649.113	1.47
649.37	1.32
649.627	1.05
649.884	0.97
650.141	0.86
650.398	0.82
650.654	0.89
650.911	1.08
651.168	0.97
651.425	1.04
651.682	1.15
651.938	1.18
652.195	1.21
652.452	1.35
652.709	1.45
652.965	1.6
653.222	1.67
653.479	1.88
653.736	1.72
653.992	1.75
654.249	1.6
654.506	1.39
654.762	1.14
655.019	1.12
655.276	0.98
655.532	0.96
655.789	0.91
656.046	0.98
656.302	0.82
656.559	0.89
656.816	0.88
657.072	1.03
657.329	1.18
657.585	1.49
657.842	1.5
658.099	1.49
658.355	1.4
658.612	1.41
658.868	1.23
659.125	1.25
659.381	1.09
659.638	0.99
659.894	0.77
660.151	0.65
660.407	0.55
660.664	0.58
660.92	0.52
661.177	0.43
661.433	0.18
661.69	0.36
661.946	0.45
662.203	0.47
662.459	0.5
662.715	0.61
662.972	0.68
663.228	0.52
663.485	0.49
663.741	0.6
663.997	0.94
664.254	1.08
664.51	0.81
664.766	0.78
665.023	0.87
665.279	0.68
665.535	0.52
665.792	0.6
666.048	0.66
666.304	0.63
666.56	0.68
666.817	0.42
667.073	0.37
667.329	0.5
667.586	0.57
667.842	0.54
668.098	0.73
668.354	0.96
668.61	0.9
668.867	0.81
669.123	0.77
669.379	0.73
669.635	0.88
669.891	0.94
670.147	0.96
670.404	0.71
670.66	0.75
670.916	0.81
671.172	0.63
671.428	0.46
671.684	0.56
671.94	0.55
672.196	0.31
672.452	0.1
672.708	0.24
672.965	0.37
673.221	0.4
673.477	0.17
673.733	0.02
673.989	0.09
674.245	0.1
674.501	0.14
674.757	-0.01
675.013	0.09
675.269	0.11
675.525	-0.08
675.781	-0.44
676.037	-0.48
676.292	-0.38
676.548	-0.34
676.804	-0.49
677.06	-0.51
677.316	-0.67
677.572	-0.62
677.828	-0.54
678.084	-0.48
678.34	-0.54
678.596	-0.37
678.851	-0.5
679.107	-0.47
679.363	-0.42
679.619	-0.24
679.875	-0.29
680.131	-0.25
680.386	-0.28
680.642	-0.38
680.898	-0.37
681.154	-0.32
681.409	-0.34
681.665	-0.28
681.921	-0.43
682.177	-0.45
682.432	-0.59
682.688	-0.45
682.944	-0.53
683.199	-0.42
683.455	-0.49
683.711	-0.53
683.967	-0.41
684.222	-0.52
684.478	-0.55
684.734	-0.39
684.989	-0.47
685.245	-0.33
685.5	-0.46
685.756	-0.23
686.012	-0.3
686.267	-0.21
686.523	-0.24
686.778	-0.45
687.034	-0.32
687.289	-0.14
687.545	-0.15
687.801	-0.17
688.056	-0.27
688.312	-0.05
688.567	-0.25
688.823	-0.27
689.078	-0.36
689.334	-0.24
689.589	-0.1
689.845	-0.1
690.1	-0.11
690.355	-0.1
690.611	-0.05
690.866	-0.04
691.122	-0.26
691.377	-0.28
691.633	-0.21
691.888	-0.03
692.143	-0.24
692.399	-0.39
692.654	-0.39
692.909	-0.35
693.165	-0.52
693.42	-0.61
693.675	-0.76
693.931	-0.62
694.186	-0.65
694.441	-0.85
694.697	-1.06
694.952	-1.06
695.207	-1.06
695.463	-1.21
695.718	-1.33
695.973	-1.11
696.228	-0.89
696.484	-0.74
696.739	-0.65
696.994	-0.4
697.249	-0.25
697.504	-0.18
697.76	-0.24
698.015	-0.21
698.27	-0.05
698.525	-0.17
698.78	-0.46
699.035	-0.66
699.291	-0.66
699.546	-0.76
699.801	-0.88
700.056	-0.91
700.311	-0.95
700.566	-0.76
700.821	-0.74
701.076	-0.92
701.331	-0.63
701.586	-0.22
701.841	-0.15
702.096	-0.07
702.351	-0.2
702.606	-0.21
702.862	-0.1
703.117	0.03
703.372	-0.07
703.626	-0.02
703.881	0.22
704.136	0.27
704.391	0.11
704.646	0.26
704.901	0.31
705.156	0.48
705.411	0.56
705.666	0.65
705.921	0.68
706.176	0.98
706.431	1.1
706.686	1.28
706.94	1.28
707.195	1.24
707.45	1.17
707.705	1.19
707.96	1.2
708.215	1.23
708.469	1.29
708.724	1.31
708.979	1.17
709.234	1.33
709.489	1.2
709.743	1.32
709.998	1.49
710.253	1.53
710.508	1.51
710.762	1.62
711.017	1.63
711.272	1.51
711.527	1.57
711.781	1.94
712.036	1.91
712.291	1.91
712.545	1.73
712.8	1.53
713.055	1.38
713.309	1.08
713.564	0.81
713.818	0.72
714.073	0.71
714.328	0.55
714.582	0.06
714.837	-0.05
715.091	-0.27
715.346	-0.3
715.601	-0.39
715.855	-0.25
716.11	-0.05
716.364	-0.01
716.619	-0.06
716.873	-0.06
717.128	-0.09
717.382	-0.17
717.637	-0.34
717.891	-0.47
718.146	-0.78
718.4	-0.83
718.655	-1.05
718.909	-1.22
719.164	-1.31
719.418	-1.3
719.672	-1.26
719.927	-1.16
720.181	-1.2
720.436	-1.31
720.69	-1.25
720.944	-1.06
721.199	-1.13
721.453	-1.03
721.707	-1
721.962	-1
722.216	-1.19
722.47	-1.27
722.725	-1.39
722.979	-1.27
723.233	-1.22
723.488	-1.19
723.742	-1.22
723.996	-1.14
724.25	-1.33
724.505	-1.08
724.759	-1.07
725.013	-0.85
725.267	-1.08
725.522	-1.16
725.776	-1.19
726.03	-1.04
726.284	-1
726.538	-1.02
726.792	-1.03
727.047	-0.74
727.301	-1.02
727.555	-0.97
727.809	-1.1
728.063	-1.01
728.317	-0.89
728.571	-0.89
728.825	-1.04
729.08	-1.02
729.334	-1
729.588	-0.98
729.842	-1.11
730.096	-1.18
730.35	-1.31
730.604	-1.38
730.858	-1.36
731.112	-1.4
731.366	-1.56
731.62	-1.53
731.874	-1.45
732.128	-1.41
732.382	-1.37
732.636	-1.28
732.89	-0.92
733.144	-0.82
733.398	-0.76
733.652	-0.87
733.905	-0.89
734.159	-0.88
734.413	-0.86
734.667	-0.96
734.921	-0.91
735.175	-0.97
735.429	-1.28
735.683	-1.44
735.936	-1.47
736.19	-1.47
736.444	-1.35
736.698	-1.38
736.952	-1.27
737.205	-1.27
737.459	-1.28
737.713	-1.26
737.967	-1.29
738.221	-1.08
738.474	-1.28
738.728	-1.46
738.982	-1.41
739.236	-1.33
739.489	-1.34
739.743	-1.29
739.997	-1.33
740.25	-1.47
740.504	-1.72
740.758	-1.62
741.011	-1.58
741.265	-1.38
741.519	-1.1
741.772	-1.16
742.026	-1.24
742.28	-1.06
742.533	-1.12
742.787	-1.17
743.04	-1.03
743.294	-0.9
743.547	-0.98
743.801	-1
744.055	-1.2
744.308	-1.38
744.562	-1.3
744.815	-1.22
745.069	-1.39
745.322	-1.52
745.576	-1.61
745.829	-1.62
746.083	-1.57
746.336	-1.45
746.59	-1.56
746.843	-1.37
747.097	-1.22
747.35	-1.19
747.603	-1.44
747.857	-1.5
748.11	-1.35
748.364	-1.21
748.617	-1.23
748.87	-1.42
749.124	-1.53
749.377	-1.56
749.63	-1.68
749.884	-1.73
750.137	-1.73
750.39	-1.64
750.644	-1.61
750.897	-1.72
751.15	-1.59
751.404	-1.56
751.657	-1.5
751.91	-1.42
752.164	-1.38
752.417	-1.26
752.67	-1.34
752.923	-1.32
753.176	-1.27
753.43	-1.29
753.683	-1.16
753.936	-1.23
754.189	-1.17
754.442	-0.92
754.696	-0.96
754.949	-0.96
755.202	-1.02
755.455	-1
755.708	-1.06
755.961	-0.99
756.214	-1.01
756.468	-1.02
756.721	-1.08
756.974	-1.12
757.227	-1.33
757.48	-1.3
757.733	-1.4
757.986	-1.47
758.239	-1.55
758.492	-1.55
758.745	-1.55
758.998	-1.45
759.251	-1.38
759.504	-1.33
759.757	-1.45
760.01	-1.41
760.263	-1.44
760.516	-1.27
760.769	-1.18
761.022	-1.12
761.275	-1.28
761.528	-1.21
761.781	-1.09
762.034	-1.04
762.287	-1.07
762.54	-0.97
762.792	-0.94
763.045	-0.79
763.298	-0.73
763.551	-0.65
763.804	-0.54
764.057	-0.24
764.31	-0.35
764.562	-0.45
764.815	-0.51
765.068	-0.56
765.321	-0.69
765.574	-0.7
765.826	-0.92
766.079	-1.1
766.332	-1.09
766.585	-1.02
766.837	-1.14
767.09	-1
767.343	-1.12
767.595	-1.18
767.848	-1.16
768.101	-1.01
768.354	-1.1
768.606	-0.96
768.859	-1.02
769.112	-1.1
769.364	-1.12
769.617	-1.23
769.869	-1.37
770.122	-1.33
770.375	-1.45
770.627	-1.48
770.88	-1.6
771.132	-1.46
771.385	-1.46
771.638	-1.44
771.89	-1.53
772.143	-1.7
772.395	-1.61
772.648	-1.56
772.9	-1.4
773.153	-1.21
773.405	-1.13
773.658	-1
773.91	-1.05
774.163	-1.05
774.415	-0.86
774.668	-0.64
774.92	-0.47
775.173	-0.5
775.425	-0.61
775.677	-0.51
775.93	-0.55
776.182	-0.44
776.435	-0.52
776.687	-0.36
776.939	-0.39
777.192	-0.41
777.444	-0.55
777.696	-0.56
777.949	-0.58
778.201	-0.61
778.453	-0.85
778.706	-0.91
778.958	-1.05
779.21	-1.02
779.463	-1.15
779.715	-1.06
779.967	-1.15
780.219	-1.07
780.472	-1.26
780.724	-1.22
780.976	-1.06
781.228	-0.93
781.481	-1.04
781.733	-0.97
781.985	-0.89
782.237	-0.95
782.489	-1.11
782.741	-0.93
782.994	-1.03
783.246	-0.85
783.498	-0.75
783.75	-0.78
784.002	-0.95
784.254	-0.86
784.506	-0.9
784.758	-0.91
785.011	-0.79
785.263	-0.71
785.515	-0.94
785.767	-0.79
786.019	-0.93
786.271	-1.04
786.523	-1.08
786.775	-0.93
787.027	-0.75
787.279	-0.79
787.531	-0.88
787.783	-0.82
788.035	-0.94
788.287	-0.85
788.539	-0.81
788.791	-0.58
789.043	-0.53
789.295	-0.59
789.546	-0.48
789.798	-0.5
790.05	-0.23
790.302	-0.17
790.554	-0.15
790.806	0.02
791.058	-0.01
791.31	-0.06
791.561	-0.11
791.813	-0.12
792.065	0.03
792.317	-0.17
792.569	-0.3
792.821	-0.41
793.072	-0.36
793.324	-0.45
793.576	-0.42
793.828	-0.23
794.079	-0.23
794.331	-0.28
794.583	-0.07
794.835	-0.09
795.086	0.09
795.338	0.16
795.59	0.23
795.841	0.26
796.093	0.32
796.345	0.2
796.596	-0.04
796.848	-0.01
797.1	0.04
797.351	-0.09
797.603	-0.13
797.855	-0.11
798.106	-0.15
798.358	-0.13
798.609	-0.14
798.861	-0.18
799.113	-0.15
799.364	-0.1
799.616	-0.2
799.867	-0.22
800.119	-0.04
800.37	0.11
800.622	0.02
800.873	-0.01
801.125	-0.19
801.376	-0.2
801.628	0.04
801.879	0.11
802.131	0.16
802.382	0.31
802.634	0.31
802.885	0.12
803.137	0.08
803.388	0.13
803.639	0.18
803.891	0.28
804.142	0.27
804.394	0.11
804.645	0.2
804.896	0.07
805.148	-0.03
805.399	-0.06
805.65	-0.1
805.902	-0.16
806.153	-0.2
806.404	-0.16
806.656	-0.12
806.907	-0.18
807.158	-0.05
807.409	-0.11
807.661	0.04
807.912	0.05
808.163	0.21
808.414	0.24
808.666	0.27
808.917	0.25
809.168	0.08
809.419	0.07
809.67	0.28
809.922	0.07
810.173	0.09
810.424	0.03
810.675	0.07
810.926	0.08
811.177	0.14
811.428	0.19
811.68	0.29
811.931	0.42
812.182	0.37
812.433	0.2
812.684	0.19
812.935	0.26
813.186	0.36
813.437	0.29
813.688	0.19
813.939	0.05
814.19	-0.03
814.441	-0
814.692	0.13
814.943	0.3
815.194	0.32
815.445	0.33
815.696	0.22
815.947	0.36
816.198	0.62
816.449	0.65
816.7	1.09
816.951	1.1
817.202	1.24
817.453	1.25
817.704	1.09
817.954	1.22
818.205	1.36
818.456	1.33
818.707	1.44
818.958	1.32
819.209	1.28
819.46	1.02
819.71	1.27
819.961	1.17
820.212	0.96
820.463	1.06
820.714	0.92
820.964	0.84
821.215	1
821.466	0.8
821.717	0.72
821.967	0.88
822.218	0.91
822.469	0.82
822.72	0.77
822.97	1.03
823.221	1.08
823.472	1.25
823.722	1.21
823.973	1.15
824.224	1.14
824.474	1.2
824.725	1.14
824.975	1.13
825.226	1.14
825.477	1.3
825.727	1.32
825.978	1.24
826.229	1.15
826.479	1.24
826.73	1.3
826.98	1.45
827.231	1.47
827.481	1.5
827.732	1.48
827.982	1.35
828.233	1.15
828.483	0.98
828.734	1.03
828.984	1.09
829.235	1.05
829.485	1.21
829.736	1.19
829.986	1.19
830.237	1.07
830.487	1.22
830.737	1.34
830.988	1.54
831.238	1.65
831.489	1.87
831.739	1.86
831.989	2.09
832.24	1.96
832.49	2.07
832.74	2.25
832.991	2.52
833.241	2.46
833.491	2.4
833.742	2.33
833.992	2.45
834.242	2.37
834.493	2.34
834.743	2.28
834.993	2.16
835.243	2.11
835.494	1.96
835.744	1.95
835.994	2.15
836.244	2.29
836.494	2.31
836.745	2.2
836.995	2.2
837.245	2.37
837.495	2.39
837.745	2.53
837.996	2.66
838.246	2.64
838.496	2.69
838.746	2.58
838.996	2.61
839.246	2.74
839.496	2.87
839.746	2.84
839.996	2.84
840.246	2.82
840.497	2.99
840.747	3.02
840.997	3.21
841.247	3.22
841.497	3.3
841.747	3.46
841.997	3.7
842.247	3.7
842.497	3.96
842.747	4.07
842.997	4.16
843.247	4.21
843.496	4.27
843.746	4.38
843.996	4.49
844.246	4.54
844.496	4.53
844.746	4.38
844.996	4.48
845.246	4.29
845.496	4.28
845.746	4.4
845.995	4.6
846.245	4.56
846.495	4.68
846.745	4.7
846.995	4.87
847.245	5.04
847.494	5.16
847.744	5.26
847.994	5.68
848.244	5.88
848.493	5.88
848.743	5.82
848.993	5.96
849.243	5.97
849.492	6.14
849.742	6.21
849.992	6.21
850.242	6.27
850.491	6.56
850.741	6.39
850.991	6.41
851.24	6.63
851.49	6.76
851.74	6.75
851.989	6.86
852.239	7.11
852.488	7.19
852.738	7.29
852.988	7.64
853.237	7.55
853.487	7.71
853.736	7.96
853.986	8.15
854.235	8.2
854.485	8.39
854.735	8.62
854.984	8.59
855.234	8.64
855.483	8.8
855.733	8.75
855.982	8.92
856.232	9.03
856.481	8.91
856.73	8.84
856.98	9.1
857.229	9.26
857.479	9.26
857.728	9.28
857.978	9.48
858.227	9.56
858.476	9.66
858.726	9.79
858.975	10.15
859.225	10.24
859.474	10.46
859.723	10.53
859.973	10.52
860.222	10.71
860.471	10.98
860.721	11.1
860.97	11.32
861.219	11.33
861.468	11.46
861.718	11.42
861.967	11.63
862.216	11.81
862.465	11.93
862.715	12.29
862.964	12.42
863.213	12.64
863.462	12.83
863.712	12.9
863.961	13.22
864.21	13.27
864.459	13.45
864.708	13.76
864.957	13.82
865.207	14.1
865.456	14.15
865.705	14.32
865.954	14.32
866.203	14.35
866.452	14.48
866.701	14.64
866.95	14.9
867.199	14.99
867.448	15.15
867.698	15.41
867.947	15.59
868.196	15.84
868.445	16.17
868.694	16.56
868.943	16.94
869.192	17.29
869.441	17.53
869.69	17.8
869.939	18.2
870.188	18.31
870.436	18.58
870.685	18.82
870.934	19.09
871.183	19.45
871.432	19.52
871.681	19.75
871.93	20.08
872.179	20.26
872.428	20.48
872.677	20.73
872.925	21.28
873.174	21.64
873.423	22.13
873.672	22.54
873.921	22.73
874.17	23.29
874.418	23.63
874.667	23.88
874.916	24.38
875.165	24.89
875.413	25.3
875.662	25.53
875.911	25.93
876.16	26.25
876.408	26.84
876.657	27.25
876.906	27.62
877.155	28.15
877.403	28.79
877.652	29.43
877.901	30.12
878.149	30.88
878.398	31.61
878.647	32.3
878.895	33.02
879.144	33.57
879.392	34.36
879.641	35.2
879.89	35.99
880.138	36.87
880.387	37.59
880.635	38.3
880.884	39.27
881.132	40.39
881.381	41.54
881.63	42.53
881.878	43.54
882.127	44.65
882.375	45.71
882.624	47.08
882.872	48.24
883.121	49.51
883.369	50.91
883.617	52.13
883.866	53.33
884.114	54.47
884.363	55.82
884.611	57.38
884.86	58.74
885.108	60.27
885.356	61.67
885.605	63.21
885.853	64.93
886.102	66.66
886.35	68.22
886.598	69.75
886.847	71.4
887.095	73.08
887.343	74.66
887.592	76.46
887.84	78.17
888.088	79.98
888.336	81.69
888.585	83.47
888.833	85.17
889.081	86.87
889.329	88.96
889.578	90.97
889.826	92.79
890.074	94.7
890.322	96.57
890.571	98.56
890.819	100.43
891.067	102.3
891.315	104.05
891.563	106
891.811	108.1
892.06	109.83
892.308	111.73
892.556	113.8
892.804	115.91
893.052	117.88
893.3	119.79
893.548	121.7
893.796	123.8
894.044	125.75
894.292	127.62
894.54	129.51
894.788	131.69
895.036	133.52
895.284	135.5
895.533	137.3
895.781	139.29
896.028	141.39
896.276	143.15
896.524	144.91
896.772	146.68
897.02	148.72
897.268	150.8
897.516	152.65
897.764	154.85
898.012	156.74
898.26	158.55
898.508	160.33
898.756	162.26
899.004	164.64
899.252	166.93
899.499	169.31
899.747	171.23
899.995	173.15
900.243	175.4
900.491	177.28
900.739	179.33
900.986	181.85
901.234	184.55
901.482	186.86
901.73	188.83
901.978	190.97
902.225	193.75
902.473	196.45
902.721	199.12
902.968	201.59
903.216	204.45
903.464	207.65
903.712	210.67
903.959	213.72
904.207	217.14
904.455	221.09
904.702	225.1
904.95	228.55
905.198	232.13
905.445	236.26
905.693	240.81
905.941	246
906.188	252.52
906.436	261.15
906.683	271.42
906.931	286.09
907.178	303.84
907.426	322.16
907.674	337.48
907.921	350.53
908.169	362.48
908.416	376.07
908.664	389.42
908.911	401.46
909.159	412.5
909.406	425.82
909.654	442.41
909.901	469.63
910.149	522.11
910.396	628.96
910.644	784.73
910.891	969.36
911.138	1182.91
911.386	1470.79
911.633	1803.06
911.881	2198.27
912.128	2657.9
912.375	3110.88
912.623	3625.91
912.87	4187.55
913.117	4742.51
913.365	5353.61
913.612	5972.85
913.859	6630.73
914.107	7216.57
914.354	7709.69
914.601	8086.12
914.849	8389.77
915.096	8679.89
915.343	8888.03
915.59	9065.3
915.838	9213.52
916.085	9298.88
916.332	9386.73
916.579	9351.23
916.827	9271.64
917.074	9226.84
917.321	9324.27
917.568	9346.95
917.815	9346.41
918.062	9301.51
918.31	9193.17
918.557	9060.41
918.804	8909.14
919.051	8681.19
919.298	8526.75
919.545	8441.76
919.792	8379.75
920.039	8129.61
920.286	7895.35
920.534	7644.65
920.781	7429.2
921.028	7260.19
921.275	7047.28
921.522	6751.1
921.769	6431.4
922.016	6032.24
922.263	5541.35
922.51	4993.78
922.757	4503.58
923.004	4031.19
923.251	3571.08
923.498	3099.77
923.745	2591.56
923.992	2130.46
924.238	1726.68
924.485	1379.73
924.732	1087.86
924.979	856.31
925.226	668.92
925.473	520.45
925.72	415.6
925.967	350
926.214	310.47
926.46	282.22
926.707	257.54
926.954	235.85
927.201	216.88
927.448	201.54
927.694	188.67
927.941	177.38
928.188	166.89
928.435	156.86
928.682	146.82
928.928	136.83
929.175	127.28
929.422	119.03
929.668	111.54
929.915	105.19
930.162	99.37
930.409	94.2
930.655	89.44
930.902	85.54
931.149	82.29
931.395	79.15
931.642	75.88
931.889	72.71
932.135	69.53
932.382	66.85
932.628	64.35
932.875	62.11
933.122	59.64
933.368	57.61
933.615	55.43
933.861	53.61
934.108	51.69
934.354	49.75
934.601	47.82
934.847	46.38
935.094	44.91
935.34	43.56
935.587	42.07
935.833	40.68
936.08	39.2
936.326	38.09
936.573	36.85
936.819	35.75
937.066	34.67
937.312	33.68
937.559	32.61
937.805	31.69
938.051	30.82
938.298	29.87
938.544	28.9
938.791	28.1
939.037	27.41
939.283	26.73
939.53	25.86
939.776	25.16
940.022	24.31
940.269	23.65
940.515	22.79
940.761	22.07
941.007	21.56
941.254	21.07
941.5	20.46
941.746	19.68
941.993	18.97
942.239	18.68
942.485	18.15
942.731	17.82
942.977	17.27
943.224	17.01
943.47	16.49
943.716	15.91
943.962	15.55
944.208	15.15
944.455	14.67
944.701	14.38
944.947	13.88
945.193	13.63
945.439	13.11
945.685	12.79
945.931	12.21
946.177	11.97
946.423	11.51
946.67	11.03
946.916	10.66
947.162	10.54
947.408	10.2
947.654	9.9
947.9	9.44
948.146	9.38
948.392	9.04
948.638	9.01
948.884	8.74
949.13	8.65
949.376	8.42
949.622	8.36
949.868	8.06
950.114	8.06
950.359	7.97
950.605	7.83
950.851	7.62
951.097	7.35
951.343	7.09
951.589	6.98
951.835	6.85
952.081	6.8
952.327	6.65
952.572	6.62
952.818	6.41
953.064	6.3
953.31	6.21
953.556	6.05
953.802	6.03
954.047	5.92
954.293	5.63
954.539	5.49
954.785	5.32
955.03	5.07
955.276	4.85
955.522	4.62
955.768	4.34
956.013	4.22
956.259	4.16
956.505	4.14
956.75	4.17
956.996	4.35
957.242	4.24
957.487	4.26
957.733	4.21
957.979	4.14
958.224	4.12
958.47	4.22
958.716	4.22
958.961	4.12
959.207	3.9
959.452	3.65
959.698	3.39
959.943	3.36
960.189	3.23
960.435	3.2
960.68	3.09
960.926	3.01
961.171	2.74
961.417	2.56
961.662	2.52
961.908	2.49
962.153	2.48
962.399	2.34
962.644	2.35
962.89	2.32
963.135	2.29
963.38	2.45
963.626	2.38
963.871	2.46
964.117	2.29
964.362	2.24
964.607	2.26
964.853	2.35
965.098	2.36
965.344	2.18
965.589	2.13
965.834	2.17
966.08	1.92
966.325	1.82
966.57	1.66
966.815	1.85
967.061	1.81
967.306	1.86
967.551	1.67
967.797	1.58
968.042	1.55
968.287	1.52
968.532	1.48
968.777	1.64
969.023	1.8
969.268	1.94
969.513	2.03
969.758	1.93
970.003	1.86
970.249	1.94
970.494	2.03
970.739	2.11
970.984	1.95
971.229	1.74
971.474	1.58
971.719	1.55
971.965	1.54
972.21	1.33
972.455	1.45
972.7	1.4
972.945	1.22
973.19	1.19
973.435	1.13
973.68	1.19
973.925	1.25
974.17	1.19
974.415	1.04
974.66	0.83
974.905	0.83
975.15	0.8
975.395	0.83
975.64	1.24
975.885	1.3
976.13	1.34
976.375	1.43
976.62	1.52
976.865	1.67
977.109	1.75
977.354	2.09
977.599	2.12
977.844	2.05
978.089	1.95
978.334	1.68
978.579	1.73
978.824	1.73
979.068	1.58
979.313	1.44
979.558	1.48
979.803	1.47
980.048	1.38
980.292	1.26
980.537	1.25
980.782	1.22
981.027	1.26
981.271	1.15
981.516	1.16
981.761	1.22
982.006	1.2
982.25	1.12
982.495	1.1
982.74	1
982.984	1.11
983.229	1.21
983.474	1.27
983.718	1.24
983.963	1.4
984.208	1.32
984.452	1.28
984.697	1.29
984.941	1.28
985.186	1.35
985.431	1.36
985.675	1.21
985.92	1.1
986.164	1.09
986.409	0.97
986.653	0.71
986.898	0.78
987.142	0.73
987.387	0.84
987.631	0.82
987.876	0.64
988.12	0.61
988.365	0.67
988.609	0.8
988.854	0.81
989.098	0.76
989.343	0.93
989.587	0.79
989.831	0.88
990.076	0.73
990.32	0.66
990.565	0.59
990.809	0.54
991.053	0.42
991.298	0.25
991.542	0.27
991.786	0.38
992.031	0.25
992.275	0.33
992.519	0.35
992.764	0.48
993.008	0.54
993.252	0.69
993.496	0.7
993.741	0.84
993.985	0.89
994.229	0.83
994.473	0.74
994.718	0.77
994.962	0.71
995.206	0.51
995.45	0.52
995.694	0.58
995.939	0.66
996.183	0.69
996.427	0.46
996.671	0.34
996.915	0.31
997.159	0.44
997.403	0.49
997.647	0.56
997.892	0.77
998.136	0.7
998.38	0.59
998.624	0.56
998.868	0.6
999.112	0.79
999.356	0.94
999.6	0.94
999.844	0.88
1000.088	0.98
1000.332	1.02
1000.576	0.94
1000.82	0.94
1001.064	0.95
1001.308	0.9
1001.552	0.84
1001.796	0.71
1002.04	0.57
1002.284	0.54
1002.528	0.57
1002.771	0.51
1003.015	0.52
1003.259	0.53
1003.503	0.57
1003.747	0.72
1003.991	0.72
1004.235	0.61
1004.479	0.66
1004.722	0.74
1004.966	0.76
1005.21	0.64
1005.454	0.56
1005.698	0.48
1005.941	0.43
1006.185	0.41
1006.429	0.27
1006.673	0.22
1006.916	0.38
1007.16	0.46
1007.404	0.61
1007.648	0.73
1007.891	0.8
1008.135	0.87
1008.379	0.93
1008.622	1.09
1008.866	1.21
1009.11	1.15
1009.353	1.27
1009.597	1.3
1009.841	1.3
1010.084	1.19
1010.328	1.05
1010.571	1.07
1010.815	1.06
1011.059	1.01
1011.302	0.87
1011.546	0.91
1011.789	1.02
1012.033	0.9
1012.276	0.91
1012.52	0.96
1012.763	1.42
1013.007	1.45
1013.25	1.47
1013.494	1.29
1013.737	1.2
1013.981	1.15
1014.224	0.87
1014.468	0.84
1014.711	0.99
1014.955	0.93
1015.198	0.92
1015.441	0.46
1015.685	0.56
1015.928	0.45
1016.172	0.61
1016.415	0.78
1016.658	0.79
1016.902	0.85
1017.145	0.79
1017.388	0.72
1017.632	0.8
1017.875	0.67
1018.118	0.53
1018.362	0.57
1018.605	0.68
1018.848	0.63
1019.091	0.52
1019.335	0.46
1019.578	0.64
1019.821	0.76
1020.064	0.68
1020.308	0.62
1020.551	0.62
1020.794	0.66
1021.037	0.6
1021.28	0.6
1021.524	0.64
1021.767	0.7
1022.01	0.78
1022.253	0.67
1022.496	0.54
1022.739	0.5
1022.982	0.36
1023.226	0.47
1023.469	0.61
1023.712	0.66
1023.955	0.67
1024.198	0.7
1024.441	0.64
1024.684	0.59
1024.927	0.4
1025.17	0.41
1025.413	0.48
1025.656	0.5
1025.899	0.34
1026.142	0.22
1026.385	0.08
1026.628	-0.08
1026.871	-0.17
1027.114	-0.2
1027.357	-0.18
1027.6	-0.16
1027.843	-0.09
1028.086	-0.08
1028.329	0.02
1028.571	0.02
1028.814	0.05
1029.057	0.04
1029.3	-0.01
1029.543	-0.07
1029.786	-0.06
1030.029	-0.19
1030.271	-0.13
1030.514	-0.25
1030.757	-0.43
1031	-0.68
1031.243	-0.59
1031.485	-0.49
1031.728	-0.26
1031.971	-0.11
1032.214	-0.13
1032.456	-0.21
1032.699	0.01
1032.942	0.17
1033.185	0.19
1033.427	0.32
1033.67	0.52
1033.913	0.65
1034.155	0.66
1034.398	0.44
1034.641	0.62
1034.883	0.8
1035.126	1.03
1035.369	0.97
1035.611	1.03
1035.854	1.1
1036.096	1.26
1036.339	1.24
1036.582	1.17
1036.824	1.08
1037.067	1.35
1037.309	1.14
1037.552	1.11
1037.794	1.27
1038.037	1.34
1038.279	1.22
1038.522	1.22
1038.764	1.2
1039.007	1.33
1039.249	1.21
1039.492	1.16
1039.734	1.02
1039.977	0.93
1040.219	0.8
1040.462	0.42
1040.704	0.36
1040.946	0.34
1041.189	0.36
1041.431	0.3
1041.674	0.2
1041.916	0.31
1042.158	0.51
1042.401	0.36
1042.643	0.37
1042.885	0.59
1043.128	0.7
1043.37	0.65
1043.612	0.63
1043.855	0.62
1044.097	0.55
1044.339	0.58
1044.581	0.5
1044.824	0.4
1045.066	0.37
1045.308	0.41
1045.55	0.31
1045.793	0.24
1046.035	0.31
1046.277	0.28
1046.519	0.19
1046.761	0.16
1047.003	0.01
1047.246	0
1047.488	0.07
1047.73	0.25
1047.972	0.46
1048.214	0.47
1048.456	0.66
1048.698	0.78
1048.94	0.8
1049.183	1.1
1049.425	1.13
1049.667	1.13
1049.909	1.23
1050.151	1.33
1050.393	1.23
1050.635	1.19
1050.877	1.21
1051.119	1.04
1051.361	0.9
1051.603	0.89
1051.845	0.66
1052.087	0.76
1052.329	0.87
1052.571	0.98
1052.813	0.76
1053.054	0.75
1053.296	0.58
1053.538	0.41
1053.78	0.39
1054.022	0.35
1054.264	0.39
1054.506	0.3
1054.748	0.16
1054.99	0.25
1055.231	-0.05
1055.473	-0.11
1055.715	-0.2
1055.957	-0.16
1056.199	-0.09
1056.44	0.06
1056.682	0
1056.924	-0.1
1057.166	-0.01
1057.408	0
1057.649	-0.16
1057.891	-0.18
1058.133	-0.04
1058.374	0.14
1058.616	0.05
1058.858	-0.02
1059.1	-0.33
1059.341	-0.27
1059.583	-0.31
1059.825	-0.23
1060.066	-0.27
1060.308	-0.15
1060.549	-0.07
1060.791	-0.09
1061.033	-0.19
1061.274	-0.14
1061.516	-0.09
1061.757	0.04
1061.999	-0.09
1062.241	-0.09
1062.482	-0.33
1062.724	-0.41
1062.965	-0.52
1063.207	-0.51
1063.448	-0.62
1063.69	-0.5
1063.931	-0.49
1064.173	-0.55
1064.414	-0.43
1064.656	-0.36
1064.897	-0.38
1065.139	-0.26
1065.38	-0.14
1065.621	-0.11
1065.863	-0.05
1066.104	-0.02
1066.346	-0.26
1066.587	-0.24
1066.828	-0.02
1067.07	-0.05
1067.311	0.06
1067.552	0.12
1067.794	0.17
1068.035	0.21
1068.276	0.1
1068.518	-0.08
1068.759	-0.25
1069	-0.01
1069.242	0.08
1069.483	0.23
1069.724	0.19
1069.965	0.09
1070.207	0.12
1070.448	0.24
1070.689	0.28
1070.93	0.48
1071.172	0.63
1071.413	0.85
1071.654	0.7
1071.895	0.57
1072.136	0.14
1072.377	0.1
1072.619	0.15
1072.86	0.2
1073.101	-0.09
1073.342	-0.12
1073.583	-0.25
1073.824	-0.37
1074.065	-0.52
1074.306	-0.56
1074.547	-0.7
1074.788	-0.49
1075.029	-0.46
1075.271	-0.59
1075.512	-0.8
1075.753	-0.68
1075.994	-0.74
1076.235	-0.89
1076.476	-0.88
1076.717	-0.78
1076.958	-0.85
1077.199	-0.78
1077.439	-0.85
1077.68	-0.92
1077.921	-0.72
1078.162	-0.49
1078.403	-0.51
1078.644	-0.58
1078.885	-0.46
1079.126	-0.52
1079.367	-0.42
1079.608	-0.29
1079.848	-0.3
1080.089	-0.43
1080.33	-0.41
1080.571	-0.57
1080.812	-0.73
1081.053	-0.7
1081.293	-0.68
1081.534	-0.64
1081.775	-0.59
1082.016	-0.77
1082.257	-0.83
1082.497	-0.74
1082.738	-0.56
1082.979	-0.57
1083.219	-0.58
1083.46	-0.62
1083.701	-0.7
1083.942	-0.48
1084.182	-0.63
1084.423	-0.69
1084.664	-0.76
1084.904	-0.71
1085.145	-0.81
1085.386	-0.81
1085.626	-0.85
1085.867	-0.87
1086.107	-0.96
1086.348	-0.87
1086.589	-1.07
1086.829	-1.07
1087.07	-0.91
1087.31	-0.81
1087.551	-0.81
1087.791	-0.81
1088.032	-0.98
1088.272	-0.97
1088.513	-0.91
1088.753	-0.8
1088.994	-1.01
1089.234	-1.11
1089.475	-1.05
1089.715	-1.2
1089.956	-1.33
1090.196	-1.26
1090.437	-1.36
1090.677	-1.24
1090.917	-1.27
1091.158	-1.32
1091.398	-1.28
1091.639	-1.21
1091.879	-1.08
1092.119	-1.11
1092.36	-1.07
1092.6	-1
1092.84	-1.17
1093.081	-0.91
1093.321	-0.97
1093.561	-0.8
1093.802	-0.9
1094.042	-1.06
1094.282	-1.09
1094.522	-1.21
1094.763	-1.29
1095.003	-1.21
1095.243	-1.16
1095.483	-1.07
1095.724	-1.24
1095.964	-1.33
1096.204	-1.59
1096.444	-1.55
1096.684	-1.39
1096.925	-1.41
1097.165	-1.41
1097.405	-1.41
1097.645	-1.48
1097.885	-1.45
1098.125	-1.55
1098.365	-1.65
1098.605	-1.44
1098.846	-1.33
1099.086	-1.19
1099.326	-1.12
1099.566	-1.01
1099.806	-0.76
1100.046	-0.75
1100.286	-0.67
1100.526	-0.85
1100.766	-0.79
1101.006	-0.67
1101.246	-0.86
1101.486	-0.92
1101.726	-1
1101.966	-1.15
1102.206	-1.21
1102.446	-1.42
1102.686	-1.43
1102.926	-1.42
1103.166	-1.37
1103.405	-1.38
1103.645	-1.45
1103.885	-1.49
1104.125	-1.55
1104.365	-1.55
1104.605	-1.55
1104.845	-1.58
1105.085	-1.56
1105.324	-1.6
1105.564	-1.73
1105.804	-1.76
1106.044	-1.68
1106.284	-1.51
1106.523	-1.32
1106.763	-1.13
1107.003	-1.09
1107.243	-1.12
1107.482	-0.94
1107.722	-1.04
1107.962	-0.89
1108.202	-0.75
1108.441	-0.69
1108.681	-0.85
1108.921	-0.94
1109.16	-1.1
1109.4	-1.14
1109.64	-1.3
1109.879	-1.16
1110.119	-1.22
1110.359	-1.1
1110.598	-1.16
1110.838	-1.26
1111.077	-1.27
1111.317	-1.27
1111.557	-1.36
1111.796	-1.34
1112.036	-1.37
1112.275	-1.31
1112.515	-1.24
1112.754	-1.29
1112.994	-1.5
1113.233	-1.34
1113.473	-1.36
1113.712	-1.36
1113.952	-1.25
1114.191	-1.18
1114.431	-1.2
1114.67	-1.21
1114.91	-1
1115.149	-1.24
1115.389	-1.3
1115.628	-1.04
1115.867	-1.08
1116.107	-0.99
1116.346	-1.01
1116.585	-1.02
1116.825	-1.01
1117.064	-0.94
1117.304	-1.05
1117.543	-1.36
1117.782	-1.37
1118.021	-1.29
1118.261	-1.45
1118.5	-1.68
1118.739	-1.85
1118.979	-1.92
1119.218	-2.08
1119.457	-2.24
1119.696	-2.34
1119.936	-2.29
1120.175	-2.22
1120.414	-2.06
1120.653	-2.18
1120.893	-2.27
1121.132	-2.09
1121.371	-1.98
1121.61	-1.83
1121.849	-1.79
1122.088	-1.89
1122.328	-1.87
1122.567	-2.02
1122.806	-2.03
1123.045	-2.15
1123.284	-2.19
1123.523	-2.18
1123.762	-2.19
1124.001	-2.34
1124.24	-2.47
1124.479	-2.36
1124.718	-2.21
1124.957	-2.36
1125.196	-2.16
1125.435	-2.19
1125.674	-2.36
1125.913	-2.41
1126.152	-2.44
1126.391	-2.57
1126.63	-2.62
1126.869	-2.64
1127.108	-2.81
1127.347	-2.93
1127.586	-2.81
1127.825	-3.01
