Data from HR4C45961_13-11-19-304.txt Node
195.373	-307.29
195.645	-263.46
195.916	-230.41
196.187	-204.8
196.459	-184.37
196.73	-167.61
197.002	-111.96
197.273	-56.27
197.544	-0.61
197.816	-0.07
198.087	0.07
198.358	0.09
198.63	0.13
198.901	0.11
199.172	0.09
199.444	0.13
199.715	0.12
199.986	0.2
200.257	0.19
200.529	0.22
200.8	0.17
201.071	0.23
201.343	0.51
201.614	0.56
201.885	0.44
202.156	0.47
202.427	0.54
202.699	0.59
202.97	0.61
203.241	0.72
203.512	0.78
203.783	0.87
204.055	0.82
204.326	0.72
204.597	0.79
204.868	1.01
205.139	1.09
205.41	1.12
205.681	1.19
205.952	1.21
206.224	1.19
206.495	1.25
206.766	1.44
207.037	1.52
207.308	1.62
207.579	1.72
207.85	1.68
208.121	1.73
208.392	1.89
208.663	2.01
208.934	2.01
209.205	2.05
209.476	2.11
209.747	2.09
210.018	2.29
210.289	2.33
210.56	2.38
210.831	2.54
211.102	2.65
211.373	2.7
211.644	2.68
211.915	2.71
212.186	2.84
212.457	2.83
212.728	2.82
212.999	2.67
213.269	2.69
213.54	2.75
213.811	2.7
214.082	2.66
214.353	2.62
214.624	2.73
214.895	2.88
215.165	2.93
215.436	3.09
215.707	3.25
215.978	3.31
216.249	3.28
216.52	3.27
216.79	3.38
217.061	3.45
217.332	3.48
217.603	3.41
217.873	3.31
218.144	3.14
218.415	3.07
218.686	2.9
218.956	2.92
219.227	2.97
219.498	3.02
219.768	2.93
220.039	2.76
220.31	2.66
220.58	2.71
220.851	2.75
221.122	2.81
221.392	2.73
221.663	2.79
221.934	2.75
222.204	2.68
222.475	2.59
222.746	2.6
223.016	2.77
223.287	2.88
223.557	2.78
223.828	2.76
224.098	2.76
224.369	2.78
224.64	2.85
224.91	2.84
225.181	2.83
225.451	2.8
225.722	2.76
225.992	2.75
226.263	2.79
226.533	2.96
226.804	3.15
227.074	3.11
227.345	3.06
227.615	2.81
227.886	2.83
228.156	2.77
228.426	2.79
228.697	2.83
228.967	2.81
229.238	2.67
229.508	2.52
229.779	2.37
230.049	2.36
230.319	2.41
230.59	2.52
230.86	2.44
231.13	2.55
231.401	2.57
231.671	2.56
231.941	2.54
232.212	2.64
232.482	2.61
232.752	2.68
233.023	2.67
233.293	2.61
233.563	2.67
233.834	2.73
234.104	2.6
234.374	2.65
234.644	2.61
234.915	2.72
235.185	2.56
235.455	2.63
235.725	2.59
235.995	2.61
236.266	2.65
236.536	2.67
236.806	2.62
237.076	2.75
237.346	2.57
237.616	2.67
237.887	2.51
238.157	2.63
238.427	2.55
238.697	2.45
238.967	2.5
239.237	2.51
239.507	2.52
239.777	2.53
240.048	2.5
240.318	2.58
240.588	2.49
240.858	2.47
241.128	2.49
241.398	2.62
241.668	2.6
241.938	2.6
242.208	2.61
242.478	2.52
242.748	2.52
243.018	2.47
243.288	2.49
243.558	2.51
243.828	2.57
244.098	2.45
244.368	2.35
244.638	2.44
244.908	2.39
245.178	2.41
245.448	2.42
245.718	2.41
245.987	2.51
246.257	2.5
246.527	2.38
246.797	2.44
247.067	2.48
247.337	2.44
247.607	2.5
247.877	2.52
248.146	2.47
248.416	2.51
248.686	2.47
248.956	2.32
249.226	2.31
249.496	2.35
249.765	2.26
250.035	2.21
250.305	2.17
250.575	2.12
250.844	2.2
251.114	2.23
251.384	2.13
251.654	2.19
251.923	2.23
252.193	2.24
252.463	2.23
252.732	2.31
253.002	2.34
253.272	2.4
253.542	2.38
253.811	2.3
254.081	2.26
254.351	2.27
254.62	2.22
254.89	2.34
255.159	2.21
255.429	2.24
255.699	2.16
255.968	2.18
256.238	2.17
256.507	2.11
256.777	2
257.047	1.99
257.316	2.03
257.586	2.07
257.855	1.93
258.125	2.03
258.394	2.02
258.664	2.06
258.933	1.97
259.203	1.97
259.472	1.93
259.742	2.03
260.011	2
260.281	1.94
260.55	1.95
260.82	1.99
261.089	1.97
261.359	2.02
261.628	2.05
261.898	2.06
262.167	1.94
262.436	1.98
262.706	1.95
262.975	2.03
263.245	2.01
263.514	1.95
263.783	1.86
264.053	1.8
264.322	1.77
264.591	1.74
264.861	1.8
265.13	1.87
265.399	1.76
265.669	1.75
265.938	1.76
266.207	1.8
266.477	1.78
266.746	1.83
267.015	1.85
267.284	1.79
267.554	1.69
267.823	1.68
268.092	1.65
268.361	1.7
268.631	1.57
268.9	1.36
269.169	1.29
269.438	1.31
269.707	1.28
269.977	1.34
270.246	1.28
270.515	1.27
270.784	1.31
271.053	1.35
271.322	1.35
271.591	1.3
271.861	1.37
272.13	1.34
272.399	1.27
272.668	1.16
272.937	1.02
273.206	1.03
273.475	1.04
273.744	0.95
274.013	0.88
274.282	0.87
274.551	0.89
274.82	0.81
275.089	0.85
275.358	0.89
275.627	1.01
275.896	1.11
276.165	1.21
276.434	1.17
276.703	1.18
276.972	1.14
277.241	1.11
277.51	1.11
277.779	1.12
278.048	1.03
278.317	0.94
278.586	0.93
278.855	0.9
279.124	0.83
279.393	0.78
279.662	0.74
279.93	0.77
280.199	0.75
280.468	0.77
280.737	0.85
281.006	0.85
281.275	0.87
281.544	0.77
281.812	0.61
282.081	0.5
282.35	0.57
282.619	0.57
282.888	0.51
283.156	0.48
283.425	0.58
283.694	0.48
283.963	0.38
284.231	0.39
284.5	0.36
284.769	0.35
285.038	0.39
285.306	0.34
285.575	0.33
285.844	0.25
286.112	0.24
286.381	0.14
286.65	0.37
286.918	0.57
287.187	0.54
287.456	0.56
287.724	0.6
287.993	0.49
288.262	0.58
288.53	0.53
288.799	0.65
289.067	0.55
289.336	0.52
289.604	0.35
289.873	0.31
290.142	0.32
290.41	0.31
290.679	0.17
290.947	0.21
291.216	0.03
291.484	-0.05
291.753	-0.18
292.021	-0.09
292.29	-0.13
292.558	-0.18
292.827	-0.23
293.095	-0.28
293.364	-0.38
293.632	-0.28
293.901	-0.22
294.169	-0.06
294.438	-0.02
294.706	0.02
294.974	-0.02
295.243	0.02
295.511	-0.02
295.78	-0.12
296.048	-0.19
296.316	-0.19
296.585	-0.19
296.853	-0.31
297.121	-0.48
297.39	-0.54
297.658	-0.6
297.926	-0.49
298.195	-0.45
298.463	-0.36
298.731	-0.4
299	-0.38
299.268	-0.33
299.536	-0.29
299.804	-0.23
300.073	-0.29
300.341	-0.24
300.609	-0.13
300.877	-0.23
301.146	-0.31
301.414	-0.5
301.682	-0.46
301.95	-0.42
302.218	-0.36
302.487	-0.42
302.755	-0.52
303.023	-0.43
303.291	-0.39
303.559	-0.43
303.827	-0.44
304.096	-0.55
304.364	-0.41
304.632	-0.39
304.9	-0.27
305.168	-0.27
305.436	-0.22
305.704	-0.16
305.972	-0.1
306.24	-0.05
306.508	-0.07
306.776	-0.07
307.045	0.06
307.313	-0.08
307.581	-0.15
307.849	-0.38
308.117	-0.47
308.385	-0.51
308.653	-0.4
308.921	-0.5
309.189	-0.59
309.457	-0.65
309.724	-0.7
309.992	-0.7
310.26	-0.59
310.528	-0.6
310.796	-0.58
311.064	-0.59
311.332	-0.5
311.6	-0.63
311.868	-0.61
312.136	-0.63
312.404	-0.59
312.672	-0.59
312.939	-0.52
313.207	-0.47
313.475	-0.38
313.743	-0.3
314.011	-0.26
314.279	-0.32
314.546	-0.22
314.814	-0.22
315.082	-0.23
315.35	-0.12
315.618	-0.11
315.885	-0.28
316.153	-0.43
316.421	-0.49
316.689	-0.56
316.956	-0.59
317.224	-0.59
317.492	-0.71
317.759	-0.65
318.027	-0.62
318.295	-0.82
318.563	-0.81
318.83	-0.75
319.098	-0.63
319.366	-0.62
319.633	-0.57
319.901	-0.55
320.169	-0.59
320.436	-0.54
320.704	-0.65
320.971	-0.66
321.239	-0.57
321.507	-0.42
321.774	-0.35
322.042	-0.33
322.309	-0.26
322.577	-0.2
322.844	-0.15
323.112	-0.06
323.38	-0.04
323.647	0.06
323.915	0
324.182	0
324.45	-0.17
324.717	-0.25
324.985	-0.31
325.252	-0.45
325.52	-0.43
325.787	-0.46
326.054	-0.53
326.322	-0.56
326.589	-0.69
326.857	-0.66
327.124	-0.75
327.392	-0.63
327.659	-0.65
327.926	-0.63
328.194	-0.48
328.461	-0.45
328.729	-0.51
328.996	-0.52
329.263	-0.62
329.531	-0.53
329.798	-0.46
330.065	-0.32
330.333	-0.33
330.6	-0.29
330.867	-0.34
331.135	-0.47
331.402	-0.57
331.669	-0.54
331.936	-0.58
332.204	-0.49
332.471	-0.56
332.738	-0.65
333.005	-0.77
333.273	-0.78
333.54	-0.76
333.807	-0.61
334.074	-0.52
334.341	-0.5
334.609	-0.52
334.876	-0.5
335.143	-0.54
335.41	-0.4
335.677	-0.26
335.944	-0.18
336.212	-0.09
336.479	-0.11
336.746	-0.23
337.013	-0.27
337.28	-0.31
337.547	-0.25
337.814	-0.24
338.081	-0.11
338.348	-0.18
338.616	-0.21
338.883	-0.19
339.15	-0.26
339.417	-0.16
339.684	-0.1
339.951	-0
340.218	0.02
340.485	-0
340.752	0.01
341.019	0.08
341.286	0.16
341.553	0.14
341.82	0.13
342.087	0.1
342.354	0.07
342.62	0.02
342.887	0.06
343.154	0.18
343.421	0.24
343.688	0.21
343.955	0.08
344.222	0.03
344.489	0.12
344.756	0.07
345.023	0.08
345.289	0.09
345.556	0.23
345.823	0.11
346.09	0.07
346.357	0.03
346.624	0.21
346.89	0.18
347.157	0.09
347.424	0.09
347.691	0.13
347.958	0.11
348.224	0.1
348.491	0.09
348.758	0.21
349.025	0.2
349.291	0.2
349.558	0.09
349.825	0.09
350.091	0.16
350.358	0.06
350.625	0.08
350.891	0.14
351.158	0.02
351.425	0.04
351.691	-0.06
351.958	0.01
352.225	0.04
352.491	0.02
352.758	0.12
353.025	0.12
353.291	0.17
353.558	0.32
353.824	0.26
354.091	0.34
354.358	0.28
354.624	0.44
354.891	0.4
355.157	0.35
355.424	0.41
355.69	0.38
355.957	0.45
356.223	0.54
356.49	0.36
356.756	0.46
357.023	0.49
357.289	0.46
357.556	0.36
357.822	0.38
358.089	0.4
358.355	0.47
358.622	0.55
358.888	0.5
359.154	0.53
359.421	0.7
359.687	0.7
359.954	0.68
360.22	0.75
360.486	0.72
360.753	0.81
361.019	0.81
361.286	0.77
361.552	0.75
361.818	0.79
362.085	0.71
362.351	0.64
362.617	0.67
362.884	0.66
363.15	0.69
363.416	0.8
363.682	0.7
363.949	0.73
364.215	0.7
364.481	0.63
364.747	0.67
365.014	0.68
365.28	0.69
365.546	0.67
365.812	0.76
366.079	0.74
366.345	0.76
366.611	0.87
366.877	0.98
367.143	1
367.409	1.05
367.676	1.09
367.942	1.12
368.208	1.06
368.474	1.07
368.74	1.05
369.006	1.06
369.272	1.04
369.538	0.93
369.805	0.82
370.071	0.88
370.337	0.84
370.603	0.84
370.869	0.86
371.135	1.04
371.401	1.04
371.667	1.18
371.933	1.27
372.199	1.21
372.465	1.29
372.731	1.51
372.997	1.49
373.263	1.59
373.529	1.5
373.795	1.35
374.061	1.11
374.327	1.13
374.593	0.96
374.859	0.93
375.125	0.99
375.39	0.99
375.656	0.72
375.922	0.71
376.188	0.61
376.454	0.74
376.72	0.75
376.986	0.9
377.252	0.83
377.517	0.9
377.783	0.9
378.049	0.88
378.315	0.72
378.581	0.8
378.847	0.82
379.112	0.85
379.378	0.81
379.644	0.87
379.91	0.8
380.175	0.84
380.441	0.89
380.707	0.9
380.973	1.03
381.238	1.2
381.504	1.25
381.77	1.18
382.036	1.13
382.301	1.18
382.567	1.28
382.833	1.34
383.098	1.35
383.364	1.34
383.63	1.29
383.895	1.09
384.161	1.04
384.427	0.99
384.692	1.07
384.958	1.14
385.223	0.99
385.489	0.89
385.755	0.99
386.02	1.1
386.286	0.99
386.551	1.04
386.817	1.05
387.082	1
387.348	0.96
387.613	0.95
387.879	0.94
388.144	1
388.41	0.94
388.675	0.87
388.941	0.76
389.206	0.83
389.472	0.8
389.737	0.78
390.003	0.89
390.268	0.96
390.534	0.92
390.799	0.98
391.064	1.04
391.33	1.14
391.595	1.18
391.861	1.32
392.126	1.34
392.391	1.45
392.657	1.48
392.922	1.5
393.188	1.56
393.453	1.59
393.718	1.47
393.984	1.45
394.249	1.43
394.514	1.34
394.779	1.24
395.045	1.2
395.31	1.14
395.575	1.17
395.841	1.15
396.106	1.08
396.371	1.02
396.636	1.09
396.902	1.08
397.167	1.15
397.432	1.17
397.697	1.09
397.962	1.07
398.228	1
398.493	0.92
398.758	0.93
399.023	0.87
399.288	0.97
399.553	1.02
399.819	1.11
400.084	1.16
400.349	1.12
400.614	1.21
400.879	1.39
401.144	1.38
401.409	1.45
401.674	1.48
401.939	1.55
402.204	1.45
402.469	1.45
402.734	1.39
403	1.41
403.265	1.45
403.53	1.43
403.795	1.34
404.06	1.35
404.325	1.32
404.59	1.34
404.855	1.28
405.12	1.37
405.384	1.27
405.649	1.26
405.914	1.1
406.179	1.13
406.444	1.12
406.709	1.11
406.974	1.1
407.239	1.23
407.504	1.17
407.769	1.22
408.034	1.22
408.299	1.34
408.563	1.32
408.828	1.33
409.093	1.31
409.358	1.28
409.623	1.29
409.888	1.35
410.152	1.25
410.417	1.21
410.682	1.18
410.947	1.11
411.212	1.12
411.476	1.2
411.741	1.14
412.006	1
412.271	1
412.535	1.05
412.8	0.94
413.065	0.9
413.329	0.89
413.594	0.89
413.859	0.92
414.124	0.82
414.388	0.72
414.653	0.83
414.918	0.96
415.182	0.89
415.447	0.83
415.711	0.87
415.976	0.88
416.241	0.91
416.505	0.9
416.77	0.9
417.034	0.94
417.299	0.94
417.564	0.98
417.828	1.03
418.093	1.01
418.357	1.06
418.622	1.1
418.886	1.13
419.151	1.08
419.415	1.12
419.68	1.22
419.944	1.19
420.209	1.19
420.473	1.14
420.738	1.15
421.002	1.29
421.267	1.18
421.531	1.15
421.796	1.29
422.06	1.37
422.325	1.36
422.589	1.24
422.853	1.28
423.118	1.26
423.382	1.18
423.646	1.12
423.911	0.99
424.175	1.03
424.44	0.97
424.704	0.84
424.968	0.78
425.233	0.77
425.497	0.79
425.761	0.76
426.026	0.79
426.29	0.83
426.554	0.85
426.818	0.84
427.083	0.78
427.347	0.82
427.611	0.78
427.875	0.76
428.14	0.72
428.404	0.74
428.668	0.69
428.932	0.6
429.197	0.54
429.461	0.51
429.725	0.55
429.989	0.72
430.253	0.79
430.517	0.85
430.782	0.92
431.046	1.04
431.31	1.17
431.574	1.22
431.838	1.37
432.102	1.39
432.366	1.49
432.63	1.61
432.894	1.55
433.159	1.51
433.423	1.6
433.687	1.7
433.951	1.69
434.215	1.66
434.479	1.81
434.743	1.84
435.007	1.87
435.271	1.89
435.535	1.93
435.799	2
436.063	2.14
436.327	2.17
436.591	2.17
436.855	2.21
437.119	2.19
437.383	2.24
437.646	2.25
437.91	2.37
438.174	2.32
438.438	2.35
438.702	2.43
438.966	2.43
439.23	2.38
439.494	2.3
439.758	2.22
440.021	2.17
440.285	2
440.549	1.94
440.813	1.88
441.077	1.92
441.341	1.77
441.604	1.54
441.868	1.33
442.132	1.3
442.396	1.19
442.66	1.17
442.923	1.1
443.187	1.12
443.451	1.15
443.715	1.06
443.978	1.01
444.242	1
444.506	1.09
444.769	1.22
445.033	1.17
445.297	1.35
445.56	1.47
445.824	1.55
446.088	1.6
446.351	1.59
446.615	1.59
446.879	1.57
447.142	1.6
447.406	1.6
447.669	1.49
447.933	1.49
448.197	1.37
448.46	1.3
448.724	1.24
448.987	1.19
449.251	1.22
449.515	1.31
449.778	1.36
450.042	1.34
450.305	1.23
450.569	1.4
450.832	1.43
451.096	1.48
451.359	1.43
451.623	1.57
451.886	1.55
452.15	1.52
452.413	1.5
452.676	1.49
452.94	1.55
453.203	1.64
453.467	1.56
453.73	1.57
453.994	1.54
454.257	1.58
454.52	1.5
454.784	1.51
455.047	1.5
455.31	1.47
455.574	1.43
455.837	1.45
456.1	1.45
456.364	1.43
456.627	1.44
456.89	1.43
457.154	1.45
457.417	1.38
457.68	1.3
457.944	1.29
458.207	1.21
458.47	1.18
458.733	1.22
458.997	1.11
459.26	1.02
459.523	0.92
459.786	0.9
460.049	0.94
460.313	0.97
460.576	1.03
460.839	0.98
461.102	1.15
461.365	1.13
461.628	1.04
461.892	1.11
462.155	1.18
462.418	1.22
462.681	1.23
462.944	1.14
463.207	1.13
463.47	1.06
463.733	1.06
463.996	1.03
464.26	1.03
464.523	0.87
464.786	0.87
465.049	0.86
465.312	0.88
465.575	0.87
465.838	0.84
466.101	0.8
466.364	0.84
466.627	0.83
466.89	0.71
467.153	0.68
467.416	0.91
467.679	0.87
467.942	0.84
468.205	0.76
468.467	0.71
468.73	0.63
468.993	0.67
469.256	0.59
469.519	0.56
469.782	0.6
470.045	0.57
470.308	0.37
470.571	0.34
470.834	0.39
471.096	0.45
471.359	0.44
471.622	0.52
471.885	0.4
472.148	0.44
472.41	0.39
472.673	0.43
472.936	0.51
473.199	0.64
473.462	0.7
473.724	0.61
473.987	0.63
474.25	0.78
474.513	0.88
474.775	0.96
475.038	0.95
475.301	1.02
475.563	0.94
475.826	1.01
476.089	0.93
476.352	0.87
476.614	0.9
476.877	0.87
477.139	0.83
477.402	0.73
477.665	0.77
477.927	0.76
478.19	0.74
478.453	0.86
478.715	0.89
478.978	1.01
479.24	1.09
479.503	1.18
479.766	1.26
480.028	1.28
480.291	1.3
480.553	1.32
480.816	1.41
481.078	1.49
481.341	1.4
481.603	1.43
481.866	1.43
482.128	1.4
482.391	1.32
482.653	1.28
482.916	1.31
483.178	1.47
483.441	1.6
483.703	1.66
483.965	1.81
484.228	1.92
484.49	2.04
484.753	2.16
485.015	2.32
485.277	2.54
485.54	2.69
485.802	2.81
486.065	2.97
486.327	3.1
486.589	3.36
486.852	3.55
487.114	3.72
487.376	3.75
487.638	3.76
487.901	3.91
488.163	3.94
488.425	4.05
488.688	4.13
488.95	4.15
489.212	4.24
489.474	4.22
489.737	4.19
489.999	4.17
490.261	4.14
490.523	4.19
490.786	4.24
491.048	4.38
491.31	4.32
491.572	4.31
491.834	4.16
492.096	4.08
492.359	4.06
492.621	3.98
492.883	3.99
493.145	4.02
493.407	4.12
493.669	3.98
493.931	3.79
494.193	3.82
494.455	3.8
494.718	3.86
494.98	3.78
495.242	3.66
495.504	3.55
495.766	3.51
496.028	3.36
496.29	3.17
496.552	3.02
496.814	3.03
497.076	2.9
497.338	2.79
497.6	2.64
497.862	2.64
498.124	2.51
498.386	2.47
498.648	2.38
498.91	2.34
499.172	2.23
499.433	2.26
499.695	2.14
499.957	2.12
500.219	2.06
500.481	1.98
500.743	1.88
501.005	1.92
501.267	1.8
501.529	1.79
501.79	1.76
502.052	1.79
502.314	1.69
502.576	1.67
502.838	1.55
503.099	1.48
503.361	1.54
503.623	1.43
503.885	1.27
504.147	1.31
504.408	1.24
504.67	1.19
504.932	1.07
505.194	1.02
505.455	0.97
505.717	0.98
505.979	0.99
506.24	0.95
506.502	0.93
506.764	1.04
507.025	0.98
507.287	0.94
507.549	0.97
507.81	1.06
508.072	1.09
508.334	1.16
508.595	1.16
508.857	1.12
509.119	1.02
509.38	1.1
509.642	1.08
509.903	1.18
510.165	1.2
510.426	1.23
510.688	1.24
510.949	1.2
511.211	1.05
511.473	1.06
511.734	1
511.996	1.12
512.257	1.08
512.519	1.15
512.78	1.05
513.042	1.12
513.303	1.09
513.564	1.09
513.826	1.19
514.087	1.36
514.349	1.39
514.61	1.48
514.872	1.53
515.133	1.58
515.394	1.54
515.656	1.64
515.917	1.54
516.179	1.51
516.44	1.42
516.701	1.43
516.963	1.37
517.224	1.39
517.485	1.43
517.747	1.39
518.008	1.36
518.269	1.27
518.53	1.32
518.792	1.43
519.053	1.53
519.314	1.58
519.576	1.66
519.837	1.73
520.098	1.73
520.359	1.72
520.62	1.72
520.882	1.77
521.143	1.76
521.404	1.61
521.665	1.52
521.926	1.49
522.188	1.51
522.449	1.41
522.71	1.34
522.971	1.33
523.232	1.32
523.493	1.45
523.755	1.47
524.016	1.6
524.277	1.6
524.538	1.57
524.799	1.47
525.06	1.39
525.321	1.35
525.582	1.44
525.843	1.43
526.104	1.45
526.365	1.24
526.626	1.25
526.887	1.18
527.148	1.21
527.409	1.26
527.67	1.41
527.931	1.47
528.192	1.57
528.453	1.53
528.714	1.64
528.975	1.67
529.236	1.81
529.497	1.78
529.758	1.78
530.019	1.76
530.28	1.82
530.541	1.76
530.801	1.78
531.062	1.84
531.323	1.93
531.584	1.9
531.845	1.94
532.106	1.91
532.367	2.04
532.627	2.08
532.888	2.2
533.149	2.33
533.41	2.45
533.671	2.48
533.931	2.52
534.192	2.52
534.453	2.59
534.714	2.7
534.974	2.88
535.235	2.95
535.496	3.12
535.757	3.24
536.017	3.35
536.278	3.7
536.539	4
536.799	4.26
537.06	4.61
537.321	5.03
537.581	5.45
537.842	5.81
538.103	6.36
538.363	6.9
538.624	7.6
538.885	8.26
539.145	8.64
539.406	9.25
539.666	9.91
539.927	10.58
540.188	11.29
540.448	11.96
540.709	12.8
540.969	13.44
541.23	14.17
541.49	14.81
541.751	15.58
542.011	16.43
542.272	17.15
542.532	17.88
542.793	18.6
543.053	19.21
543.314	19.9
543.574	20.4
543.835	21.02
544.095	21.48
544.356	21.89
544.616	22.23
544.876	22.58
545.137	22.93
545.397	23.1
545.658	23.15
545.918	23.12
546.178	23.02
546.439	22.88
546.699	22.6
546.959	22.32
547.22	22.08
547.48	21.66
547.74	21.06
548.001	20.46
548.261	19.8
548.521	19.2
548.782	18.58
549.042	17.82
549.302	17.02
549.562	16.22
549.823	15.46
550.083	14.58
550.343	13.73
550.603	13.05
550.864	12.26
551.124	11.58
551.384	10.98
551.644	10.28
551.904	9.72
552.165	9.35
552.425	8.86
552.685	8.35
552.945	7.96
553.205	7.66
553.465	7.21
553.725	6.96
553.986	6.73
554.246	6.35
554.506	5.97
554.766	5.63
555.026	5.27
555.286	5.08
555.546	4.85
555.806	4.54
556.066	4.23
556.326	4.18
556.586	3.98
556.846	3.76
557.106	3.66
557.366	3.55
557.626	3.41
557.886	3.26
558.146	3.09
558.406	3
558.666	2.84
558.926	2.74
559.186	2.42
559.446	2.32
559.706	2.04
559.966	1.89
560.226	1.79
560.486	1.77
560.746	1.68
561.005	1.58
561.265	1.57
561.525	1.64
561.785	1.62
562.045	1.65
562.305	1.59
562.564	1.82
562.824	1.85
563.084	1.94
563.344	2.02
563.604	2.11
563.863	2.07
564.123	2.13
564.383	2.14
564.643	2.2
564.903	2.28
565.162	2.25
565.422	2.19
565.682	2.22
565.941	2.19
566.201	2.12
566.461	2.06
566.721	2.12
566.98	2.04
567.24	1.99
567.5	1.88
567.759	1.86
568.019	1.92
568.278	1.86
568.538	1.85
568.798	1.95
569.057	1.93
569.317	1.91
569.577	2
569.836	2.13
570.096	2.24
570.355	2.33
570.615	2.37
570.874	2.32
571.134	2.31
571.393	2.32
571.653	2.23
571.912	2.28
572.172	2.28
572.431	2.19
572.691	2.1
572.95	2.09
573.21	2.21
573.469	2.32
573.729	2.44
573.988	2.53
574.248	2.51
574.507	2.58
574.767	2.58
575.026	2.72
575.285	2.83
575.545	2.92
575.804	3.01
576.063	3.08
576.323	3.1
576.582	3.11
576.842	3.31
577.101	3.51
577.36	3.65
577.62	3.83
577.879	3.99
578.138	4.28
578.397	4.37
578.657	4.42
578.916	4.45
579.175	4.58
579.435	4.71
579.694	4.76
579.953	4.85
580.212	4.98
580.471	5.21
580.731	5.32
580.99	5.33
581.249	5.55
581.508	5.69
581.767	5.85
582.027	6.05
582.286	6.25
582.545	6.43
582.804	6.49
583.063	6.65
583.322	6.69
583.581	6.74
583.841	6.82
584.1	6.91
584.359	7.08
584.618	7.18
584.877	7.15
585.136	7.14
585.395	7.17
585.654	7.27
585.913	7.25
586.172	7.3
586.431	7.37
586.69	7.36
586.949	7.33
587.208	7.29
587.467	7.26
587.726	7.32
587.985	7.4
588.244	7.45
588.503	7.41
588.762	7.46
589.021	7.42
589.28	7.46
589.539	7.46
589.798	7.39
590.057	7.24
590.316	7.22
590.574	7.05
590.833	6.94
591.092	6.75
591.351	6.65
591.61	6.41
591.869	6.29
592.128	6.06
592.386	5.87
592.645	5.71
592.904	5.68
593.163	5.39
593.422	5.32
593.68	5.09
593.939	4.85
594.198	4.76
594.457	4.7
594.715	4.49
594.974	4.37
595.233	4.38
595.492	4.25
595.75	4.15
596.009	4.16
596.268	3.99
596.526	3.86
596.785	3.84
597.044	3.67
597.302	3.54
597.561	3.49
597.82	3.4
598.078	3.16
598.337	3.21
598.595	3.14
598.854	3.05
599.113	3.09
599.371	3.2
599.63	3.28
599.888	3.33
600.147	3.38
600.405	3.34
600.664	3.27
600.923	3.32
601.181	3.19
601.44	3.12
601.698	3.15
601.957	3.17
602.215	3.26
602.474	3.18
602.732	3.17
602.99	3.06
603.249	3.13
603.507	3.18
603.766	3.33
604.024	3.48
604.283	3.55
604.541	3.6
604.799	3.76
605.058	3.88
605.316	4.18
605.575	4.51
605.833	4.81
606.091	5.11
606.35	5.5
606.608	5.93
606.866	6.39
607.125	6.89
607.383	7.33
607.641	7.72
607.9	8.14
608.158	8.55
608.416	8.84
608.674	9.32
608.933	9.74
609.191	10.13
609.449	10.37
609.707	10.87
609.966	11.42
610.224	12.08
610.482	12.57
610.74	13.02
610.998	13.57
611.257	14.26
611.515	14.82
611.773	15.46
612.031	15.98
612.289	16.57
612.547	16.91
612.806	17.27
613.064	17.5
613.322	17.69
613.58	17.92
613.838	17.82
614.096	17.74
614.354	17.64
614.612	17.32
614.87	17.06
615.128	16.66
615.386	16.19
615.644	15.59
615.902	14.96
616.16	14.39
616.418	13.65
616.676	12.99
616.934	12.2
617.192	11.41
617.45	10.77
617.708	10.15
617.966	9.55
618.224	9
618.482	8.54
618.74	8.05
618.998	7.61
619.256	7.27
619.514	7.11
619.772	6.96
620.03	6.89
620.287	6.68
620.545	6.55
620.803	6.41
621.061	6.23
621.319	6.15
621.577	6.08
621.834	5.98
622.092	6.09
622.35	5.93
622.608	5.87
622.866	5.67
623.123	5.64
623.381	5.63
623.639	5.57
623.897	5.55
624.154	5.39
624.412	5.35
624.67	5.4
624.928	5.15
625.185	5.08
625.443	4.98
625.701	5.08
625.958	4.95
626.216	4.7
626.474	4.67
626.731	4.66
626.989	4.63
627.247	4.63
627.504	4.54
627.762	4.47
628.02	4.44
628.277	4.39
628.535	4.27
628.792	4.33
629.05	4.36
629.307	4.41
629.565	4.31
629.823	4.33
630.08	4.18
630.338	4.06
630.595	3.99
630.853	3.98
631.11	3.96
631.368	3.9
631.625	3.82
631.883	3.95
632.14	3.79
632.397	3.77
632.655	3.69
632.912	3.76
633.17	3.76
633.427	3.8
633.685	3.74
633.942	3.72
634.199	3.69
634.457	3.63
634.714	3.34
634.972	3.24
635.229	3.18
635.486	2.98
635.744	2.76
636.001	2.64
636.258	2.45
636.516	2.3
636.773	2.18
637.03	2.08
637.288	1.98
637.545	2.03
637.802	2.02
638.059	1.96
638.317	1.96
638.574	1.95
638.831	1.96
639.088	2.1
639.346	2.07
639.603	2.04
639.86	1.95
640.117	1.89
640.374	1.88
640.631	1.83
640.889	1.73
641.146	1.79
641.403	1.81
641.66	1.8
641.917	1.67
642.174	1.71
642.431	1.64
642.689	1.76
642.946	1.89
643.203	1.81
643.46	1.73
643.717	1.77
643.974	1.72
644.231	1.68
644.488	1.55
644.745	1.57
645.002	1.6
645.259	1.65
645.516	1.55
645.773	1.49
646.03	1.53
646.287	1.63
646.544	1.74
646.801	1.91
647.058	1.95
647.315	2.11
647.572	2.07
647.829	1.98
648.086	1.97
648.343	2.08
648.6	2.01
648.856	1.94
649.113	1.99
649.37	1.93
649.627	1.75
649.884	1.77
650.141	1.59
650.398	1.69
650.654	1.72
650.911	1.81
651.168	1.72
651.425	1.86
651.682	1.93
651.938	1.92
652.195	1.96
652.452	2.06
652.709	2.07
652.965	2.31
653.222	2.31
653.479	2.45
653.736	2.31
653.992	2.36
654.249	2.25
654.506	2.17
654.762	2.1
655.019	2.07
655.276	1.96
655.532	1.98
655.789	1.94
656.046	1.96
656.302	1.86
656.559	1.91
656.816	1.89
657.072	1.94
657.329	2.05
657.585	2.13
657.842	2.08
658.099	2.1
658.355	1.99
658.612	1.92
658.868	1.78
659.125	1.82
659.381	1.76
659.638	1.68
659.894	1.65
660.151	1.53
660.407	1.52
660.664	1.55
660.92	1.53
661.177	1.58
661.433	1.55
661.69	1.71
661.946	1.71
662.203	1.73
662.459	1.81
662.715	1.78
662.972	1.84
663.228	1.73
663.485	1.72
663.741	1.7
663.997	1.75
664.254	1.8
664.51	1.7
664.766	1.71
665.023	1.74
665.279	1.64
665.535	1.6
665.792	1.64
666.048	1.69
666.304	1.69
666.56	1.81
666.817	1.77
667.073	1.69
667.329	1.71
667.586	1.75
667.842	1.83
668.098	1.95
668.354	2.07
668.61	2.05
668.867	2
669.123	2
669.379	1.98
669.635	1.99
669.891	2.01
670.147	1.99
670.404	1.86
670.66	1.79
670.916	1.75
671.172	1.62
671.428	1.57
671.684	1.59
671.94	1.56
672.196	1.42
672.452	1.42
672.708	1.51
672.965	1.61
673.221	1.65
673.477	1.59
673.733	1.53
673.989	1.58
674.245	1.52
674.501	1.61
674.757	1.59
675.013	1.66
675.269	1.61
675.525	1.54
675.781	1.33
676.037	1.32
676.292	1.34
676.548	1.42
676.804	1.36
677.06	1.44
677.316	1.37
677.572	1.35
677.828	1.35
678.084	1.38
678.34	1.32
678.596	1.46
678.851	1.36
679.107	1.36
679.363	1.36
679.619	1.48
679.875	1.45
680.131	1.46
680.386	1.41
680.642	1.38
680.898	1.33
681.154	1.35
681.409	1.28
681.665	1.24
681.921	1.13
682.177	1.05
682.432	0.9
682.688	0.92
682.944	0.85
683.199	0.92
683.455	0.93
683.711	1.01
683.967	1.09
684.222	1.14
684.478	1.2
684.734	1.32
684.989	1.37
685.245	1.43
685.5	1.37
685.756	1.56
686.012	1.6
686.267	1.63
686.523	1.57
686.778	1.49
687.034	1.57
687.289	1.7
687.545	1.7
687.801	1.66
688.056	1.67
688.312	1.76
688.567	1.58
688.823	1.48
689.078	1.39
689.334	1.47
689.589	1.51
689.845	1.43
690.1	1.4
690.355	1.41
690.611	1.45
690.866	1.44
691.122	1.35
691.377	1.45
691.633	1.54
691.888	1.71
692.143	1.61
692.399	1.52
692.654	1.48
692.909	1.49
693.165	1.47
693.42	1.4
693.675	1.31
693.931	1.42
694.186	1.33
694.441	1.19
694.697	0.95
694.952	0.94
695.207	0.98
695.463	0.92
695.718	0.85
695.973	0.91
696.228	1.05
696.484	1.14
696.739	1.25
696.994	1.37
697.249	1.49
697.504	1.61
697.76	1.59
698.015	1.66
698.27	1.72
698.525	1.65
698.78	1.48
699.035	1.36
699.291	1.36
699.546	1.23
699.801	1.14
700.056	1.06
700.311	0.95
700.566	1.02
700.821	0.97
701.076	0.9
701.331	1
701.586	1.23
701.841	1.27
702.096	1.36
702.351	1.24
702.606	1.3
702.862	1.36
703.117	1.54
703.372	1.5
703.626	1.54
703.881	1.66
704.136	1.73
704.391	1.7
704.646	1.82
704.901	1.79
705.156	1.95
705.411	1.99
705.666	2.06
705.921	2.03
706.176	2.18
706.431	2.31
706.686	2.45
706.94	2.51
707.195	2.49
707.45	2.47
707.705	2.55
707.96	2.6
708.215	2.6
708.469	2.63
708.724	2.61
708.979	2.54
709.234	2.51
709.489	2.4
709.743	2.41
709.998	2.45
710.253	2.43
710.508	2.44
710.762	2.48
711.017	2.41
711.272	2.42
711.527	2.51
711.781	2.72
712.036	2.71
712.291	2.77
712.545	2.65
712.8	2.55
713.055	2.41
713.309	2.21
713.564	2.01
713.818	2.05
714.073	1.93
714.328	1.79
714.582	1.52
714.837	1.53
715.091	1.4
715.346	1.44
715.601	1.46
715.855	1.52
716.11	1.6
716.364	1.59
716.619	1.45
716.873	1.5
717.128	1.53
717.382	1.49
717.637	1.33
717.891	1.25
718.146	1
718.4	0.97
718.655	0.91
718.909	0.81
719.164	0.76
719.418	0.74
719.672	0.72
719.927	0.74
720.181	0.73
720.436	0.68
720.69	0.71
720.944	0.92
721.199	0.89
721.453	0.94
721.707	0.89
721.962	0.92
722.216	0.98
722.47	0.99
722.725	0.94
722.979	0.94
723.233	0.97
723.488	0.99
723.742	0.93
723.996	0.87
724.25	0.75
724.505	0.97
724.759	1.02
725.013	1.12
725.267	1.03
725.522	1.06
725.776	1.1
726.03	1.24
726.284	1.25
726.538	1.26
726.792	1.34
727.047	1.45
727.301	1.25
727.555	1.29
727.809	1.13
728.063	1.21
728.317	1.22
728.571	1.26
728.825	1.17
729.08	1.18
729.334	1.16
729.588	1.12
729.842	1.15
730.096	1.17
730.35	1.04
730.604	1.06
730.858	0.99
731.112	0.94
731.366	0.8
731.62	0.76
731.874	0.78
732.128	0.77
732.382	0.81
732.636	0.83
732.89	0.96
733.144	1.01
733.398	1.02
733.652	0.98
733.905	0.96
734.159	1.02
734.413	1.03
734.667	0.98
734.921	1.05
735.175	1.05
735.429	0.84
735.683	0.73
735.936	0.72
736.19	0.69
736.444	0.79
736.698	0.76
736.952	0.78
737.205	0.75
737.459	0.77
737.713	0.73
737.967	0.68
738.221	0.87
738.474	0.79
738.728	0.68
738.982	0.72
739.236	0.74
739.489	0.72
739.743	0.77
739.997	0.81
740.25	0.73
740.504	0.63
740.758	0.67
741.011	0.65
741.265	0.77
741.519	0.88
741.772	0.86
742.026	0.73
742.28	0.89
742.533	0.8
742.787	0.79
743.04	0.85
743.294	0.92
743.547	0.9
743.801	0.88
744.055	0.79
744.308	0.72
744.562	0.74
744.815	0.92
745.069	0.78
745.322	0.72
745.576	0.66
745.829	0.69
746.083	0.72
746.336	0.71
746.59	0.6
746.843	0.73
747.097	0.79
747.35	0.84
747.603	0.62
747.857	0.65
748.11	0.79
748.364	0.85
748.617	0.81
748.87	0.72
749.124	0.68
749.377	0.69
749.63	0.62
749.884	0.67
750.137	0.67
750.39	0.69
750.644	0.62
750.897	0.5
751.15	0.54
751.404	0.57
751.657	0.63
751.91	0.64
752.164	0.69
752.417	0.77
752.67	0.73
752.923	0.77
753.176	0.89
753.43	0.93
753.683	0.91
753.936	0.84
754.189	0.88
754.442	0.99
754.696	0.96
754.949	0.92
755.202	0.78
755.455	0.78
755.708	0.65
755.961	0.65
756.214	0.67
756.468	0.76
756.721	0.72
756.974	0.71
757.227	0.56
757.48	0.62
757.733	0.65
757.986	0.69
758.239	0.62
758.492	0.71
758.745	0.71
758.998	0.75
759.251	0.75
759.504	0.8
759.757	0.69
760.01	0.81
760.263	0.79
760.516	0.85
760.769	0.85
761.022	0.88
761.275	0.76
761.528	0.81
761.781	0.83
762.034	0.88
762.287	0.95
762.54	1.04
762.792	1
763.045	1.05
763.298	1.03
763.551	1.06
763.804	1.11
764.057	1.22
764.31	1.13
764.562	1.11
764.815	1.12
765.068	1.05
765.321	0.9
765.574	0.84
765.826	0.7
766.079	0.7
766.332	0.72
766.585	0.8
766.837	0.77
767.09	0.86
767.343	0.79
767.595	0.78
767.848	0.78
768.101	0.9
768.354	0.84
768.606	0.9
768.859	0.82
769.112	0.78
769.364	0.7
769.617	0.61
769.869	0.49
770.122	0.56
770.375	0.43
770.627	0.39
770.88	0.31
771.132	0.39
771.385	0.39
771.638	0.37
771.89	0.32
772.143	0.29
772.395	0.36
772.648	0.44
772.9	0.47
773.153	0.53
773.405	0.55
773.658	0.7
773.91	0.72
774.163	0.76
774.415	0.9
774.668	1.05
774.92	1.1
775.173	1.15
775.425	1.11
775.677	1.14
775.93	1.12
776.182	1.17
776.435	1.08
776.687	1.14
776.939	1.13
777.192	1.08
777.444	0.96
777.696	1.03
777.949	0.99
778.201	1
778.453	0.91
778.706	0.99
778.958	0.89
779.21	0.95
779.463	0.81
779.715	0.83
779.967	0.87
780.219	0.94
780.472	0.74
780.724	0.67
780.976	0.69
781.228	0.76
781.481	0.69
781.733	0.78
781.985	0.79
782.237	0.86
782.489	0.85
782.741	0.97
782.994	0.88
783.246	1.02
783.498	1.15
783.75	1.13
784.002	1.04
784.254	1.06
784.506	1.07
784.758	1.07
785.011	1.11
785.263	1.14
785.515	0.98
785.767	1.1
786.019	1.05
786.271	1.02
786.523	1.08
786.775	1.16
787.027	1.22
787.279	1.17
787.531	1.11
787.783	1.11
788.035	1.03
788.287	1.1
788.539	1.07
788.791	1.13
789.043	1.14
789.295	1.06
789.546	1.06
789.798	1.09
790.05	1.22
790.302	1.23
790.554	1.25
790.806	1.38
791.058	1.38
791.31	1.38
791.561	1.36
791.813	1.35
792.065	1.39
792.317	1.34
792.569	1.27
792.821	1.21
793.072	1.24
793.324	1.23
793.576	1.23
793.828	1.36
794.079	1.32
794.331	1.31
794.583	1.42
794.835	1.43
795.086	1.46
795.338	1.53
795.59	1.59
795.841	1.61
796.093	1.61
796.345	1.52
796.596	1.31
796.848	1.38
797.1	1.46
797.351	1.39
797.603	1.34
797.855	1.34
798.106	1.22
798.358	1.2
798.609	1.29
798.861	1.3
799.113	1.26
799.364	1.4
799.616	1.31
799.867	1.27
800.119	1.38
800.37	1.51
800.622	1.52
800.873	1.6
801.125	1.53
801.376	1.47
801.628	1.57
801.879	1.62
802.131	1.55
802.382	1.67
802.634	1.65
802.885	1.58
803.137	1.53
803.388	1.54
803.639	1.49
803.891	1.49
804.142	1.47
804.394	1.35
804.645	1.41
804.896	1.31
805.148	1.22
805.399	1.23
805.65	1.12
805.902	1.14
806.153	1.07
806.404	1.11
806.656	1.13
806.907	1.09
807.158	1.16
807.409	1.16
807.661	1.29
807.912	1.36
808.163	1.41
808.414	1.42
808.666	1.35
808.917	1.43
809.168	1.35
809.419	1.4
809.67	1.58
809.922	1.57
810.173	1.59
810.424	1.56
810.675	1.57
810.926	1.65
811.177	1.69
811.428	1.79
811.68	1.84
811.931	1.95
812.182	1.87
812.433	1.76
812.684	1.72
812.935	1.8
813.186	1.84
813.437	1.82
813.688	1.69
813.939	1.66
814.19	1.6
814.441	1.63
814.692	1.68
814.943	1.82
815.194	1.83
815.445	1.86
815.696	1.76
815.947	1.85
816.198	1.95
816.449	1.96
816.7	2.18
816.951	2.22
817.202	2.19
817.453	2.15
817.704	2.11
817.954	2.14
818.205	2.2
818.456	2.26
818.707	2.34
818.958	2.3
819.209	2.35
819.46	2.19
819.71	2.33
819.961	2.32
820.212	2.23
820.463	2.23
820.714	2.16
820.964	2.13
821.215	2.09
821.466	1.92
821.717	1.87
821.967	1.94
822.218	1.97
822.469	1.93
822.72	1.9
822.97	2.03
823.221	2.08
823.472	2.18
823.722	2.13
823.973	2.11
824.224	2.09
824.474	2.15
824.725	2.11
824.975	2.08
825.226	2
825.477	2.14
825.727	2.16
825.978	2.15
826.229	2.13
826.479	2.17
826.73	2.26
826.98	2.3
827.231	2.25
827.481	2.24
827.732	2.27
827.982	2.31
828.233	2.16
828.483	2.06
828.734	2.07
828.984	2.07
829.235	2.09
829.485	2.19
829.736	2.3
829.986	2.33
830.237	2.3
830.487	2.36
830.737	2.32
830.988	2.43
831.238	2.53
831.489	2.61
831.739	2.63
831.989	2.78
832.24	2.69
832.49	2.68
832.74	2.79
832.991	2.91
833.241	2.9
833.491	2.9
833.742	2.92
833.992	2.97
834.242	2.91
834.493	2.91
834.743	2.78
834.993	2.71
835.243	2.7
835.494	2.67
835.744	2.63
835.994	2.71
836.244	2.82
836.494	2.79
836.745	2.76
836.995	2.82
837.245	2.9
837.495	2.93
837.745	2.98
837.996	3.08
838.246	3.04
838.496	3.15
838.746	3.1
838.996	3.09
839.246	3.16
839.496	3.24
839.746	3.25
839.996	3.31
840.246	3.34
840.497	3.44
840.747	3.43
840.997	3.56
841.247	3.58
841.497	3.66
841.747	3.78
841.997	3.93
842.247	3.93
842.497	4.01
842.747	4.05
842.997	4.13
843.247	4.15
843.496	4.14
843.746	4.15
843.996	4.15
844.246	4.14
844.496	4.19
844.746	4.16
844.996	4.23
845.246	4.12
845.496	4.1
845.746	4.13
845.995	4.29
846.245	4.33
846.495	4.45
846.745	4.53
846.995	4.64
847.245	4.68
847.494	4.7
847.744	4.74
847.994	5.01
848.244	5.14
848.493	5.17
848.743	5.11
848.993	5.19
849.243	5.22
849.492	5.36
849.742	5.42
849.992	5.48
850.242	5.63
850.491	5.79
850.741	5.71
850.991	5.76
851.24	5.91
851.49	6.01
851.74	6.06
851.989	6.12
852.239	6.19
852.488	6.26
852.738	6.32
852.988	6.48
853.237	6.54
853.487	6.74
853.736	6.87
853.986	6.98
854.235	7.11
854.485	7.25
854.735	7.33
854.984	7.38
855.234	7.41
855.483	7.49
855.733	7.43
855.982	7.54
856.232	7.55
856.481	7.52
856.73	7.54
856.98	7.67
857.229	7.79
857.479	7.85
857.728	7.9
857.978	8.04
858.227	8.1
858.476	8.25
858.726	8.32
858.975	8.52
859.225	8.61
859.474	8.71
859.723	8.79
859.973	8.84
860.222	8.93
860.471	9.04
860.721	9.23
860.97	9.44
861.219	9.44
861.468	9.59
861.718	9.57
861.967	9.72
862.216	9.9
862.465	9.95
862.715	10.15
862.964	10.31
863.213	10.45
863.462	10.53
863.712	10.51
863.961	10.68
864.21	10.69
864.459	10.87
864.708	11.05
864.957	11.1
865.207	11.34
865.456	11.4
865.705	11.49
865.954	11.64
866.203	11.77
866.452	11.98
866.701	12.14
866.95	12.37
867.199	12.44
867.448	12.58
867.698	12.86
867.947	12.98
868.196	13.14
868.445	13.44
868.694	13.64
868.943	13.82
869.192	14.04
869.441	14.19
869.69	14.28
869.939	14.55
870.188	14.67
870.436	14.79
870.685	15.01
870.934	15.16
871.183	15.31
871.432	15.5
871.681	15.7
871.93	15.91
872.179	16.09
872.428	16.33
872.677	16.5
872.925	16.84
873.174	17.04
873.423	17.38
873.672	17.71
873.921	17.92
874.17	18.2
874.418	18.52
874.667	18.75
874.916	19.07
875.165	19.4
875.413	19.74
875.662	19.97
875.911	20.34
876.16	20.51
876.408	20.93
876.657	21.25
876.906	21.6
877.155	21.93
877.403	22.27
877.652	22.72
877.901	23.21
878.149	23.61
878.398	24.04
878.647	24.45
878.895	24.94
879.144	25.24
879.392	25.74
879.641	26.21
879.89	26.66
880.138	27.26
880.387	27.7
880.635	28.14
880.884	28.74
881.132	29.33
881.381	30.04
881.63	30.68
881.878	31.34
882.127	32.01
882.375	32.64
882.624	33.44
882.872	34.08
883.121	34.79
883.369	35.57
883.617	36.38
883.866	37.28
884.114	38
884.363	38.75
884.611	39.71
884.86	40.52
885.108	41.45
885.356	42.36
885.605	43.37
885.853	44.43
886.102	45.5
886.35	46.43
886.598	47.33
886.847	48.37
887.095	49.43
887.343	50.44
887.592	51.55
887.84	52.6
888.088	53.68
888.336	54.75
888.585	55.94
888.833	57.05
889.081	58.17
889.329	59.48
889.578	60.68
889.826	61.83
890.074	62.97
890.322	64.16
890.571	65.43
890.819	66.57
891.067	67.77
891.315	68.91
891.563	70.14
891.811	71.52
892.06	72.63
892.308	73.87
892.556	75.22
892.804	76.6
893.052	77.97
893.3	79.26
893.548	80.63
893.796	82.05
894.044	83.36
894.292	84.67
894.54	85.94
894.788	87.49
895.036	88.83
895.284	90.25
895.533	91.51
895.781	92.86
896.028	94.31
896.276	95.62
896.524	96.9
896.772	98.31
897.02	99.87
897.268	101.57
897.516	103.04
897.764	104.63
898.012	106.15
898.26	107.82
898.508	109.53
898.756	111.21
899.004	113.1
899.252	115.06
899.499	117.06
899.747	118.75
899.995	120.37
900.243	122.26
900.491	124.2
900.739	126.22
900.986	128.4
901.234	130.7
901.482	133.03
901.73	135.34
901.978	137.63
902.225	140.14
902.473	142.73
902.721	145.46
902.968	148.22
903.216	151.18
903.464	154.21
903.712	157.42
903.959	160.77
904.207	164.18
904.455	167.69
904.702	171.5
904.95	175.49
905.198	179.84
905.445	184.74
905.693	190.81
905.941	199.07
906.188	209.82
906.436	222.66
906.683	238.62
906.931	257.51
907.178	277.74
907.426	296.13
907.674	311.59
907.921	325.53
908.169	338.38
908.416	351.25
908.664	363.31
908.911	375.26
909.159	389.27
909.406	411.25
909.654	454.58
909.901	536.69
910.149	670.24
910.396	862.75
910.644	1118.53
910.891	1429.75
911.138	1787.63
911.386	2207.48
911.633	2658.92
911.881	3159.52
912.128	3731.8
912.375	4365.81
912.623	5051.57
912.87	5747.97
913.117	6464.41
913.365	7177.93
913.612	7874.12
913.859	8551.51
914.107	9172.7
914.354	9792.73
914.601	10373.29
914.849	10894.27
915.096	11332.29
915.343	11650.94
915.59	11914.74
915.838	12090.22
916.085	12192.83
916.332	12237.37
916.579	12261.69
916.827	12254.36
917.074	12220.28
917.321	12163.63
917.568	12060.18
917.815	11909.04
918.062	11794.41
918.31	11627.63
918.557	11452.05
918.804	11272.75
919.051	11092.2
919.298	10864.98
919.545	10637.8
919.792	10399.49
920.039	10130.55
920.286	9841.35
920.534	9548.67
920.781	9210.81
921.028	8885.44
921.275	8521.42
921.522	8093.72
921.769	7605.73
922.016	7079.77
922.263	6506.78
922.51	5868.86
922.757	5207.77
923.004	4544.86
923.251	3902.19
923.498	3281.1
923.745	2685.47
923.992	2143.48
924.238	1677.77
924.485	1290.05
924.732	975.19
924.979	729.82
925.226	552.76
925.473	437
925.72	365.57
925.967	320.78
926.214	288.72
926.46	263.32
926.707	241.99
926.954	224.31
927.201	209.02
927.448	194.98
927.694	181.22
927.941	167.97
928.188	154.73
928.435	141.95
928.682	129.77
928.928	119
929.175	109.43
929.422	101.04
929.668	93.39
929.915	86.75
930.162	81.14
930.409	76.88
930.655	73.11
930.902	70.02
931.149	67.12
931.395	64.38
931.642	61.63
931.889	59.16
932.135	56.72
932.382	54.45
932.628	52.43
932.875	50.63
933.122	48.75
933.368	47.24
933.615	45.44
933.861	43.98
934.108	42.48
934.354	41.11
934.601	39.72
934.847	38.61
935.094	37.47
935.34	36.28
935.587	35.1
935.833	34.08
936.08	32.92
936.326	32.02
936.573	30.94
936.819	30.07
937.066	29.25
937.312	28.57
937.559	27.77
937.805	27.09
938.051	26.42
938.298	25.71
938.544	24.91
938.791	24.3
939.037	23.74
939.283	23.28
939.53	22.6
939.776	21.99
940.022	21.37
940.269	20.88
940.515	20.17
940.761	19.62
941.007	19.24
941.254	18.95
941.5	18.53
941.746	18.02
941.993	17.48
942.239	17.26
942.485	16.84
942.731	16.49
942.977	16.04
943.224	15.84
943.47	15.55
943.716	15.09
943.962	14.7
944.208	14.32
944.455	13.94
944.701	13.69
944.947	13.31
945.193	13.18
945.439	12.9
945.685	12.65
945.931	12.26
946.177	11.98
946.423	11.71
946.67	11.42
946.916	11.16
947.162	11.02
947.408	10.77
947.654	10.5
947.9	10.16
948.146	9.94
948.392	9.7
948.638	9.58
948.884	9.39
949.13	9.34
949.376	9.16
949.622	9.08
949.868	8.89
950.114	8.8
950.359	8.68
950.605	8.51
950.851	8.37
951.097	8.21
951.343	8.02
951.589	7.9
951.835	7.65
952.081	7.57
952.327	7.47
952.572	7.42
952.818	7.27
953.064	7.18
953.31	7.04
953.556	6.94
953.802	6.86
954.047	6.78
954.293	6.56
954.539	6.43
954.785	6.29
955.03	6.12
955.276	5.94
955.522	5.75
955.768	5.58
956.013	5.56
956.259	5.49
956.505	5.45
956.75	5.45
956.996	5.59
957.242	5.55
957.487	5.62
957.733	5.56
957.979	5.52
958.224	5.52
958.47	5.53
958.716	5.51
958.961	5.46
959.207	5.28
959.452	5.12
959.698	4.96
959.943	4.89
960.189	4.74
960.435	4.74
960.68	4.66
960.926	4.65
961.171	4.49
961.417	4.37
961.662	4.3
961.908	4.28
962.153	4.24
962.399	4.19
962.644	4.24
962.89	4.18
963.135	4.1
963.38	4.19
963.626	4.1
963.871	4.11
964.117	4.06
964.362	3.99
964.607	3.99
964.853	4.02
965.098	3.93
965.344	3.92
965.589	3.87
965.834	3.89
966.08	3.73
966.325	3.66
966.57	3.6
966.815	3.69
967.061	3.74
967.306	3.8
967.551	3.72
967.797	3.74
968.042	3.62
968.287	3.68
968.532	3.67
968.777	3.81
969.023	3.88
969.268	3.98
969.513	3.95
969.758	3.9
970.003	3.83
970.249	3.9
970.494	3.92
970.739	3.94
970.984	3.84
971.229	3.74
971.474	3.67
971.719	3.66
971.965	3.56
972.21	3.48
972.455	3.53
972.7	3.52
972.945	3.42
973.19	3.34
973.435	3.33
973.68	3.3
973.925	3.27
974.17	3.15
974.415	3.06
974.66	3.03
974.905	3
975.15	2.94
975.395	2.92
975.64	3.07
975.885	3.12
976.13	3.11
976.375	3.16
976.62	3.22
976.865	3.28
977.109	3.31
977.354	3.38
977.599	3.33
977.844	3.27
978.089	3.25
978.334	3.12
978.579	3.15
978.824	3.15
979.068	3.13
979.313	3.01
979.558	2.99
979.803	2.96
980.048	3.01
980.292	3.03
980.537	3
980.782	2.92
981.027	2.99
981.271	2.93
981.516	2.93
981.761	2.9
982.006	2.9
982.25	2.9
982.495	2.9
982.74	2.84
982.984	2.88
983.229	2.94
983.474	3.01
983.718	2.93
983.963	3
984.208	2.96
984.452	3
984.697	3.05
984.941	3.05
985.186	3.08
985.431	3.03
985.675	2.96
985.92	2.97
986.164	2.99
986.409	2.94
986.653	2.8
986.898	2.82
987.142	2.75
987.387	2.77
987.631	2.7
987.876	2.65
988.12	2.74
988.365	2.75
988.609	2.76
988.854	2.8
989.098	2.77
989.343	2.89
989.587	2.85
989.831	2.91
990.076	2.87
990.32	2.87
990.565	2.88
990.809	2.8
991.053	2.7
991.298	2.63
991.542	2.6
991.786	2.64
992.031	2.55
992.275	2.53
992.519	2.54
992.764	2.58
993.008	2.57
993.252	2.59
993.496	2.6
993.741	2.76
993.985	2.75
994.229	2.77
994.473	2.76
994.718	2.83
994.962	2.85
995.206	2.68
995.45	2.7
995.694	2.79
995.939	2.81
996.183	2.82
996.427	2.69
996.671	2.66
996.915	2.59
997.159	2.61
997.403	2.57
997.647	2.63
997.892	2.72
998.136	2.71
998.38	2.64
998.624	2.73
998.868	2.75
999.112	2.78
999.356	2.82
999.6	2.82
999.844	2.8
1000.088	2.85
1000.332	2.8
1000.576	2.84
1000.82	2.84
1001.064	2.88
1001.308	2.76
1001.552	2.7
1001.796	2.68
1002.04	2.71
1002.284	2.77
1002.528	2.78
1002.771	2.76
1003.015	2.83
1003.259	2.86
1003.503	2.87
1003.747	2.85
1003.991	2.91
1004.235	2.88
1004.479	2.94
1004.722	2.95
1004.966	2.92
1005.21	2.92
1005.454	2.88
1005.698	2.85
1005.941	2.78
1006.185	2.8
1006.429	2.79
1006.673	2.66
1006.916	2.69
1007.16	2.65
1007.404	2.67
1007.648	2.68
1007.891	2.72
1008.135	2.76
1008.379	2.78
1008.622	2.84
1008.866	2.86
1009.11	2.82
1009.353	2.92
1009.597	2.99
1009.841	3.11
1010.084	3.06
1010.328	3.02
1010.571	2.98
1010.815	2.94
1011.059	2.82
1011.302	2.78
1011.546	2.77
1011.789	2.84
1012.033	2.76
1012.276	2.69
1012.52	2.63
1012.763	2.94
1013.007	2.96
1013.25	2.96
1013.494	2.86
1013.737	2.87
1013.981	2.9
1014.224	2.79
1014.468	2.72
1014.711	2.79
1014.955	2.82
1015.198	2.83
1015.441	2.54
1015.685	2.54
1015.928	2.43
1016.172	2.58
1016.415	2.7
1016.658	2.65
1016.902	2.68
1017.145	2.69
1017.388	2.72
1017.632	2.84
1017.875	2.77
1018.118	2.72
1018.362	2.72
1018.605	2.86
1018.848	2.7
1019.091	2.57
1019.335	2.54
1019.578	2.64
1019.821	2.78
1020.064	2.72
1020.308	2.64
1020.551	2.72
1020.794	2.68
1021.037	2.68
1021.28	2.66
1021.524	2.73
1021.767	2.75
1022.01	2.78
1022.253	2.7
1022.496	2.5
1022.739	2.42
1022.982	2.27
1023.226	2.16
1023.469	2.27
1023.712	2.31
1023.955	2.36
1024.198	2.42
1024.441	2.44
1024.684	2.51
1024.927	2.43
1025.17	2.43
1025.413	2.46
1025.656	2.48
1025.899	2.5
1026.142	2.46
1026.385	2.43
1026.628	2.28
1026.871	2.28
1027.114	2.27
1027.357	2.17
1027.6	2.17
1027.843	2.22
1028.086	2.22
1028.329	2.34
1028.571	2.32
1028.814	2.32
1029.057	2.27
1029.3	2.28
1029.543	2.21
1029.786	2.18
1030.029	2.16
1030.271	2.21
1030.514	2.14
1030.757	2.07
1031	1.92
1031.243	1.94
1031.485	1.93
1031.728	2.05
1031.971	2.14
1032.214	2.18
1032.456	2.19
1032.699	2.28
1032.942	2.31
1033.185	2.44
1033.427	2.46
1033.67	2.51
1033.913	2.6
1034.155	2.71
1034.398	2.54
1034.641	2.6
1034.883	2.64
1035.126	2.76
1035.369	2.79
1035.611	2.84
1035.854	2.79
1036.096	2.9
1036.339	2.91
1036.582	2.88
1036.824	2.71
1037.067	2.87
1037.309	2.69
1037.552	2.67
1037.794	2.71
1038.037	2.71
1038.279	2.65
1038.522	2.67
1038.764	2.62
1039.007	2.66
1039.249	2.56
1039.492	2.64
1039.734	2.58
1039.977	2.62
1040.219	2.52
1040.462	2.36
1040.704	2.34
1040.946	2.35
1041.189	2.31
1041.431	2.3
1041.674	2.27
1041.916	2.38
1042.158	2.44
1042.401	2.36
1042.643	2.35
1042.885	2.46
1043.128	2.39
1043.37	2.32
1043.612	2.26
1043.855	2.29
1044.097	2.29
1044.339	2.33
1044.581	2.21
1044.824	2.15
1045.066	2.14
1045.308	2.17
1045.55	2.1
1045.793	2.15
1046.035	2.17
1046.277	2.2
1046.519	2.15
1046.761	2.05
1047.003	1.96
1047.246	1.99
1047.488	2
1047.73	2.07
1047.972	2.14
1048.214	2.2
1048.456	2.23
1048.698	2.25
1048.94	2.24
1049.183	2.34
1049.425	2.39
1049.667	2.39
1049.909	2.49
1050.151	2.57
1050.393	2.54
1050.635	2.55
1050.877	2.56
1051.119	2.52
1051.361	2.52
1051.603	2.55
1051.845	2.48
1052.087	2.54
1052.329	2.56
1052.571	2.56
1052.813	2.42
1053.054	2.38
1053.296	2.29
1053.538	2.19
1053.78	2.22
1054.022	2.15
1054.264	2.15
1054.506	2.06
1054.748	1.99
1054.99	2.06
1055.231	1.94
1055.473	2
1055.715	1.96
1055.957	1.98
1056.199	1.98
1056.44	2.02
1056.682	2.01
1056.924	1.96
1057.166	2.05
1057.408	2.03
1057.649	1.98
1057.891	1.99
1058.133	1.96
1058.374	2.05
1058.616	1.93
1058.858	1.87
1059.1	1.76
1059.341	1.84
1059.583	1.8
1059.825	1.8
1060.066	1.84
1060.308	1.9
1060.549	1.84
1060.791	1.84
1061.033	1.76
1061.274	1.84
1061.516	1.86
1061.757	1.86
1061.999	1.76
1062.241	1.75
1062.482	1.61
1062.724	1.55
1062.965	1.44
1063.207	1.5
1063.448	1.47
1063.69	1.56
1063.931	1.62
1064.173	1.65
1064.414	1.72
1064.656	1.69
1064.897	1.71
1065.139	1.77
1065.38	1.78
1065.621	1.8
1065.863	1.76
1066.104	1.71
1066.346	1.57
1066.587	1.52
1066.828	1.63
1067.07	1.62
1067.311	1.69
1067.552	1.65
1067.794	1.64
1068.035	1.7
1068.276	1.68
1068.518	1.69
1068.759	1.67
1069	1.85
1069.242	1.9
1069.483	1.92
1069.724	1.87
1069.965	1.87
1070.207	1.91
1070.448	1.97
1070.689	1.89
1070.93	1.96
1071.172	2
1071.413	2.02
1071.654	1.83
1071.895	1.77
1072.136	1.52
1072.377	1.54
1072.619	1.52
1072.86	1.52
1073.101	1.35
1073.342	1.42
1073.583	1.31
1073.824	1.28
1074.065	1.29
1074.306	1.3
1074.547	1.18
1074.788	1.29
1075.029	1.24
1075.271	1.23
1075.512	1.11
1075.753	1.24
1075.994	1.22
1076.235	1.2
1076.476	1.13
1076.717	1.12
1076.958	1.07
1077.199	1.14
1077.439	1.1
1077.68	1.11
1077.921	1.17
1078.162	1.29
1078.403	1.2
1078.644	1.1
1078.885	1.09
1079.126	1.09
1079.367	1.14
1079.608	1.22
1079.848	1.15
1080.089	1.09
1080.33	1.03
1080.571	0.96
1080.812	0.85
1081.053	0.9
1081.293	0.98
1081.534	1.05
1081.775	1.03
1082.016	0.96
1082.257	0.96
1082.497	1.01
1082.738	1.07
1082.979	1.16
1083.219	1.13
1083.46	1.12
1083.701	1.06
1083.942	1.19
1084.182	1.01
1084.423	0.98
1084.664	0.89
1084.904	0.89
1085.145	0.82
1085.386	0.82
1085.626	0.78
1085.867	0.74
1086.107	0.75
1086.348	0.81
1086.589	0.65
1086.829	0.78
1087.07	0.85
1087.31	0.97
1087.551	0.92
1087.791	0.9
1088.032	0.87
1088.272	0.82
1088.513	0.87
1088.753	0.86
1088.994	0.68
1089.234	0.64
1089.475	0.59
1089.715	0.56
1089.956	0.45
1090.196	0.49
1090.437	0.41
1090.677	0.42
1090.917	0.51
1091.158	0.49
1091.398	0.48
1091.639	0.59
1091.879	0.61
1092.119	0.64
1092.36	0.63
1092.6	0.59
1092.84	0.53
1093.081	0.75
1093.321	0.69
1093.561	0.68
1093.802	0.59
1094.042	0.55
1094.282	0.48
1094.522	0.46
1094.763	0.38
1095.003	0.35
1095.243	0.43
1095.483	0.44
1095.724	0.32
1095.964	0.34
1096.204	0.21
1096.444	0.24
1096.684	0.27
1096.925	0.26
1097.165	0.24
1097.405	0.23
1097.645	0.21
1097.885	0.21
1098.125	0.16
1098.365	0.13
1098.605	0.15
1098.846	0.25
1099.086	0.34
1099.326	0.44
1099.566	0.45
1099.806	0.56
1100.046	0.61
1100.286	0.66
1100.526	0.56
1100.766	0.61
1101.006	0.58
1101.246	0.47
1101.486	0.39
1101.726	0.31
1101.966	0.19
1102.206	0.18
1102.446	0.08
1102.686	0.03
1102.926	-0.01
1103.166	-0.06
1103.405	-0.15
1103.645	-0.16
1103.885	-0.16
1104.125	-0.2
1104.365	-0.22
1104.605	-0.21
1104.845	-0.25
1105.085	-0.2
1105.324	-0.26
1105.564	-0.26
1105.804	-0.21
1106.044	-0.13
1106.284	-0.05
1106.523	0.04
1106.763	0.05
1107.003	0.11
1107.243	0.05
1107.482	0.12
1107.722	0.03
1107.962	0.13
1108.202	0.17
1108.441	0.23
1108.681	0.18
1108.921	0.11
1109.16	0.04
1109.4	0.09
1109.64	-0.03
1109.879	0.06
1110.119	0.07
1110.359	0.17
1110.598	0.17
1110.838	0.05
1111.077	-0.01
1111.317	0.05
1111.557	0.08
1111.796	0.08
1112.036	0.06
1112.275	0.11
1112.515	0.14
1112.754	0.14
1112.994	-0.04
1113.233	0.02
1113.473	0.05
1113.712	0.12
1113.952	0.14
1114.191	0.15
1114.431	0.15
1114.67	0.13
1114.91	0.23
1115.149	0.15
1115.389	0.13
1115.628	0.25
1115.867	0.18
1116.107	0.24
1116.346	0.15
1116.585	0.14
1116.825	0.09
1117.064	0.13
1117.304	0.07
1117.543	-0.09
1117.782	-0.14
1118.021	-0.12
1118.261	-0.17
1118.5	-0.27
1118.739	-0.39
1118.979	-0.41
1119.218	-0.55
1119.457	-0.65
1119.696	-0.75
1119.936	-0.74
1120.175	-0.74
1120.414	-0.65
1120.653	-0.82
1120.893	-0.87
1121.132	-0.84
1121.371	-0.82
1121.61	-0.85
1121.849	-0.79
1122.088	-0.82
1122.328	-0.79
1122.567	-0.86
1122.806	-0.84
1123.045	-0.99
1123.284	-0.97
1123.523	-0.98
1123.762	-0.99
1124.001	-1.01
1124.24	-0.99
1124.479	-1
1124.718	-0.93
1124.957	-1.05
1125.196	-1.05
1125.435	-1.12
1125.674	-1.18
1125.913	-1.18
1126.152	-1.18
1126.391	-1.24
1126.63	-1.28
1126.869	-1.32
1127.108	-1.41
1127.347	-1.49
1127.586	-1.42
1127.825	-1.44
