Data from HR4C45961_13-14-10-561.txt Node
195.373	-317.27
195.645	-272.68
195.916	-239.26
196.187	-213.23
196.459	-192.43
196.73	-176.43
197.002	-102.26
197.273	-55.59
197.544	-1.2
197.816	0.67
198.087	0.9
198.358	0.98
198.63	0.99
198.901	1.04
199.172	1.07
199.444	0.09
199.715	19.35
199.986	-8.07
200.257	-0.27
200.529	1.29
200.8	1.54
201.071	1.68
201.343	1.83
201.614	1.91
201.885	1.98
202.156	1.01
202.427	20.32
202.699	-7.09
202.97	0.76
203.241	2.33
203.512	2.52
203.783	2.65
204.055	2.77
204.326	2.78
204.597	2.9
204.868	1.99
205.139	21.26
205.41	-6.2
205.681	1.59
205.952	3.1
206.224	3.34
206.495	3.45
206.766	3.51
207.037	3.5
207.308	3.61
207.579	2.62
207.85	21.87
208.121	-5.57
208.392	2.29
208.663	3.87
208.934	4.06
209.205	4.04
209.476	4.07
209.747	4.05
210.018	4.08
210.289	3.09
210.56	22.33
210.831	-5.13
211.102	2.71
211.373	4.25
211.644	4.42
211.915	4.43
212.186	4.56
212.457	4.58
212.728	4.67
212.999	3.7
213.269	22.94
213.54	-4.49
213.811	3.25
214.082	4.75
214.353	4.89
214.624	4.93
214.895	5.01
215.165	4.91
215.436	4.89
215.707	3.85
215.978	22.96
216.249	-4.53
216.52	3.21
216.79	4.71
217.061	4.8
217.332	4.78
217.603	4.7
217.873	4.64
218.144	4.71
218.415	3.75
218.686	22.87
218.956	-4.53
219.227	3.22
219.498	4.71
219.768	4.86
220.039	4.85
220.31	4.88
220.58	4.93
220.851	4.95
221.122	3.91
221.392	23.09
221.663	-4.34
221.934	3.4
222.204	4.81
222.475	4.92
222.746	4.9
223.016	4.95
223.287	4.91
223.557	4.92
223.828	3.87
224.098	23.07
224.369	-4.44
224.64	3.32
224.91	4.81
225.181	4.95
225.451	4.92
225.722	4.9
225.992	4.86
226.263	4.88
226.533	3.87
226.804	23.12
227.074	-4.39
227.345	3.33
227.615	4.76
227.886	4.84
228.156	4.82
228.426	4.94
228.697	4.95
228.967	4.98
229.238	3.95
229.508	23.14
229.779	-4.38
230.049	3.38
230.319	4.88
230.59	5.02
230.86	5.05
231.13	5.13
231.401	5.04
231.671	5.05
231.941	4.04
232.212	23.17
232.482	-4.31
232.752	3.42
233.023	4.88
233.293	5.01
233.563	5.01
233.834	5.03
234.104	4.96
234.374	4.94
234.644	3.91
234.915	23.06
235.185	-4.36
235.455	3.32
235.725	4.76
235.995	4.83
236.266	4.82
236.536	4.86
236.806	4.82
237.076	4.85
237.346	3.89
237.616	23.12
237.887	-4.35
238.157	3.33
238.427	4.78
238.697	4.85
238.967	4.82
239.237	4.81
239.507	4.7
239.777	4.72
240.048	3.69
240.318	22.77
240.588	-4.75
240.858	2.92
241.128	4.36
241.398	4.57
241.668	4.65
241.938	4.73
242.208	4.71
242.478	4.74
242.748	3.65
243.018	22.72
243.288	-4.76
243.558	2.87
243.828	4.27
244.098	4.4
244.368	4.33
244.638	4.28
244.908	4.22
245.178	4.21
245.448	3.19
245.718	22.32
245.987	-5.07
246.257	2.59
246.527	4
246.797	4.14
247.067	4.13
247.337	4.12
247.607	4.09
247.877	4.04
248.146	2.92
248.416	21.96
248.686	-5.45
248.956	2.23
249.226	3.71
249.496	3.86
249.765	3.85
250.035	3.8
250.305	3.74
250.575	3.71
250.844	2.69
251.114	21.88
251.384	-5.5
251.654	2.14
251.923	3.59
252.193	3.73
252.463	3.73
252.732	3.77
253.002	3.71
253.272	3.66
253.542	2.65
253.811	21.77
254.081	-5.66
254.351	1.97
254.62	3.4
254.89	3.51
255.159	3.45
255.429	3.44
255.699	3.36
255.968	3.36
256.238	2.3
256.507	21.31
256.777	-6.2
257.047	1.35
257.316	2.82
257.586	2.93
257.855	2.85
258.125	2.76
258.394	2.72
258.664	2.68
258.933	1.64
259.203	20.75
259.472	-6.64
259.742	1.13
260.011	2.71
260.281	2.82
260.55	2.78
260.82	2.77
261.089	2.79
261.359	2.75
261.628	1.7
261.898	20.73
262.167	-6.65
262.436	0.95
262.706	2.31
262.975	2.34
263.245	2.29
263.514	2.26
263.783	2.15
264.053	2.1
264.322	1.04
264.591	20.1
264.861	-7.25
265.13	0.36
265.399	1.81
265.669	1.95
265.938	1.96
266.207	1.92
266.477	1.88
266.746	1.93
267.015	0.92
267.284	20
267.554	-7.42
267.823	0.26
268.092	1.73
268.361	1.9
268.631	1.85
268.9	1.83
269.169	1.82
269.438	1.81
269.707	0.71
269.977	19.73
270.246	-7.66
270.515	-0.08
270.784	1.3
271.053	1.31
271.322	1.22
271.591	1.19
271.861	1.13
272.13	1.11
272.399	0.06
272.668	19.1
272.937	-8.29
273.206	-0.59
273.475	0.96
273.744	1.01
274.013	1.06
274.282	1.08
274.551	0.98
274.82	0.93
275.089	-0.13
275.358	18.96
275.627	-8.42
275.896	-0.76
276.165	0.69
276.434	0.75
276.703	0.71
276.972	0.62
277.241	0.56
277.51	0.51
277.779	-0.57
278.048	18.48
278.317	-8.9
278.586	-1.23
278.855	0.28
279.124	0.33
279.393	0.29
279.662	0.22
279.93	0.24
280.199	0.22
280.468	-0.78
280.737	18.31
281.006	-9.09
281.275	-1.48
281.544	0.01
281.812	0.06
282.081	0.04
282.35	0.06
282.619	0.14
282.888	0.05
283.156	-1
283.425	18.08
283.694	-9.27
283.963	-1.64
284.231	-0.21
284.5	-0.15
284.769	-0.21
285.038	-0.31
285.306	-0.37
285.575	-0.45
285.844	-1.51
286.112	17.54
286.381	-9.78
286.65	-2.16
286.918	-0.66
287.187	-0.57
287.456	-0.57
287.724	-0.57
287.993	-0.55
288.262	-0.53
288.53	-1.54
288.799	17.6
289.067	-9.75
289.336	-2.13
289.604	-0.63
289.873	-0.5
290.142	-0.56
290.41	-0.61
290.679	-0.68
290.947	-0.72
291.216	-1.77
291.484	17.3
291.753	-10.07
292.021	-2.44
292.29	-1.01
292.558	-0.94
292.827	-1.02
293.095	-0.99
293.364	-1.02
293.632	-1.07
293.901	-2.12
294.169	16.98
294.438	-10.34
294.706	-2.68
294.974	-1.21
295.243	-1.11
295.511	-1.11
295.78	-1.1
296.048	-1.15
296.316	-1.17
296.585	-2.17
296.853	16.85
297.121	-10.53
297.39	-2.91
297.658	-1.46
297.926	-1.34
298.195	-1.37
298.463	-1.34
298.731	-1.44
299	-1.41
299.268	-2.42
299.536	16.68
299.804	-10.57
300.073	-2.94
300.341	-1.51
300.609	-1.38
300.877	-1.41
301.146	-1.38
301.414	-1.46
301.682	-1.42
301.95	-2.49
302.218	16.55
302.487	-10.79
302.755	-3.18
303.023	-1.67
303.291	-1.49
303.559	-1.49
303.827	-1.47
304.096	-1.54
304.364	-1.51
304.632	-2.54
304.9	16.55
305.168	-10.75
305.436	-3.09
305.704	-1.61
305.972	-1.5
306.24	-1.5
306.508	-1.51
306.776	-1.57
307.045	-1.53
307.313	-2.58
307.581	16.48
307.849	-10.77
308.117	-3.1
308.385	-1.64
308.653	-1.48
308.921	-1.49
309.189	-1.52
309.457	-1.51
309.724	-1.41
309.992	-2.39
310.26	16.66
310.528	-10.67
310.796	-3.09
311.064	-1.64
311.332	-1.48
311.6	-1.55
311.868	-1.6
312.136	-1.65
312.404	-1.61
312.672	-2.68
312.939	16.33
313.207	-10.87
313.475	-3.15
313.743	-1.67
314.011	-1.52
314.279	-1.53
314.546	-1.42
314.814	-1.39
315.082	-1.33
315.35	-2.39
315.618	16.61
315.885	-10.66
316.153	-3.07
316.421	-1.63
316.689	-1.5
316.956	-1.49
317.224	-1.43
317.492	-1.48
317.759	-1.39
318.027	-2.38
318.295	16.65
318.563	-10.51
318.83	-2.86
319.098	-1.29
319.366	-1.12
319.633	-1.03
319.901	-1.01
320.169	-1.09
320.436	-1.11
320.704	-2.19
320.971	16.89
321.239	-10.26
321.507	-2.59
321.774	-1.1
322.042	-1.04
322.309	-1.05
322.577	-1.07
322.844	-1.03
323.112	-0.93
323.38	-1.9
323.647	17.2
323.915	-10.07
324.182	-2.48
324.45	-1.1
324.717	-0.96
324.985	-0.91
325.252	-0.85
325.52	-0.83
325.787	-0.87
326.054	-1.94
326.322	17.15
326.589	-10.15
326.857	-2.55
327.124	-1.07
327.392	-0.88
327.659	-0.9
327.926	-0.91
328.194	-0.9
328.461	-0.87
328.729	-1.81
328.996	17.22
329.263	-10.01
329.531	-2.25
329.798	-0.73
330.065	-0.57
330.333	-0.57
330.6	-0.51
330.867	-0.46
331.135	-0.51
331.402	-1.54
331.669	17.51
331.936	-9.63
332.204	-2
332.471	-0.65
332.738	-0.53
333.005	-0.51
333.273	-0.49
333.54	-0.53
333.807	-0.51
334.074	-1.45
334.341	17.6
334.609	-9.61
334.876	-1.89
335.143	-0.42
335.41	-0.19
335.677	-0.17
335.944	-0.13
336.212	-0.13
336.479	-0.1
336.746	-1.13
337.013	17.88
337.28	-9.31
337.547	-1.74
337.814	-0.28
338.081	-0.09
338.348	-0.08
338.616	-0.05
338.883	-0.06
339.15	-0.04
339.417	-1.02
339.684	18.07
339.951	-9.05
340.218	-1.37
340.485	0.1
340.752	0.19
341.019	0.21
341.286	0.2
341.553	0.15
341.82	0.15
342.087	-0.88
342.354	18.17
342.62	-9.05
342.887	-1.49
343.154	-0.01
343.421	0.2
343.688	0.19
343.955	0.19
344.222	0.21
344.489	0.31
344.756	-0.67
345.023	18.42
345.289	-8.81
345.556	-1.2
345.823	0.31
346.09	0.48
346.357	0.52
346.624	0.56
346.89	0.57
347.157	0.55
347.424	-0.45
347.691	18.59
347.958	-8.53
348.224	-0.84
348.491	0.68
348.758	0.86
349.025	0.8
349.291	0.78
349.558	0.84
349.825	0.87
350.091	-0.08
350.358	18.93
350.625	-8.22
350.891	-0.61
351.158	0.86
351.425	1.03
351.691	1.05
351.958	1.07
352.225	1.13
352.491	1.1
352.758	0.09
353.025	19.13
353.291	-7.95
353.558	-0.33
353.824	1.13
354.091	1.29
354.358	1.31
354.624	1.36
354.891	1.38
355.157	1.37
355.424	0.38
355.69	19.41
355.957	-7.76
356.223	-0.15
356.49	1.33
356.756	1.49
357.023	1.51
357.289	1.48
357.556	1.48
357.822	1.54
358.089	0.57
358.355	19.67
358.622	-7.49
358.888	0.07
359.154	1.47
359.421	1.61
359.687	1.61
359.954	1.62
360.22	1.6
360.486	1.51
360.753	0.5
361.019	19.52
361.286	-7.62
361.552	-0.02
361.818	1.53
362.085	1.76
362.351	1.82
362.617	1.84
362.884	1.85
363.15	1.94
363.416	1.02
363.682	19.99
363.949	-7.18
364.215	0.35
364.481	1.82
364.747	1.95
365.014	1.96
365.28	1.95
365.546	1.95
365.812	1.99
366.079	0.99
366.345	19.97
366.611	-7.1
366.877	0.55
367.143	2.02
367.409	2.11
367.676	2.13
367.942	2.09
368.208	2.05
368.474	2.05
368.74	1
369.006	19.99
369.272	-7.09
369.538	0.42
369.805	1.82
370.071	1.99
370.337	2.04
370.603	2.05
370.869	2.06
371.135	2.11
371.401	1.17
371.667	20.18
371.933	-6.94
372.199	0.61
372.465	2.11
372.731	2.28
372.997	2.22
373.263	2.25
373.529	2.21
373.795	2.21
374.061	1.21
374.327	20.2
374.593	-6.89
374.859	0.73
375.125	2.21
375.39	2.34
375.656	2.35
375.922	2.46
376.188	2.41
376.454	2.47
376.72	1.48
376.986	20.47
377.252	-6.71
377.517	0.84
377.783	2.29
378.049	2.44
378.315	2.44
378.581	2.43
378.847	2.37
379.112	2.43
379.378	1.43
379.644	20.45
379.91	-6.61
380.175	0.91
380.441	2.38
380.707	2.47
380.973	2.46
381.238	2.45
381.504	2.45
381.77	2.41
382.036	1.36
382.301	20.27
382.567	-6.87
382.833	0.61
383.098	2.19
383.364	2.23
383.63	2.22
383.895	2.25
384.161	2.27
384.427	2.28
384.692	1.34
384.958	20.35
385.223	-6.73
385.489	0.84
385.755	2.3
386.02	2.35
386.286	2.44
386.551	2.51
386.817	2.48
387.082	2.49
387.348	1.47
387.613	20.45
387.879	-6.65
388.144	0.89
388.41	2.35
388.675	2.49
388.941	2.5
389.206	2.46
389.472	2.39
389.737	2.38
390.003	1.35
390.268	20.28
390.534	-6.88
390.799	0.65
391.064	2.09
391.33	2.18
391.595	2.17
391.861	2.24
392.126	2.21
392.391	2.24
392.657	1.25
392.922	20.2
393.188	-6.86
393.453	0.69
393.718	2.17
393.984	2.27
394.249	2.25
394.514	2.27
394.779	2.19
395.045	2.25
395.31	1.23
395.575	20.14
395.841	-6.89
396.106	0.66
396.371	2.13
396.636	2.28
396.902	2.26
397.167	2.25
397.432	2.23
397.697	2.26
397.962	1.17
398.228	20.07
398.493	-7.02
398.758	0.48
399.023	1.9
399.288	2.01
399.553	1.96
399.819	2.04
400.084	2.04
400.349	2.07
400.614	1.08
400.879	20.1
401.144	-6.9
401.409	0.63
401.674	2.05
401.939	2.23
402.204	2.2
402.469	2.23
402.734	2.22
403	2.26
403.265	1.23
403.53	20.09
403.795	-7.03
404.06	0.47
404.325	1.93
404.59	2.06
404.855	1.93
405.12	1.95
405.384	1.94
405.649	1.88
405.914	0.81
406.179	19.7
406.444	-7.34
406.709	0.17
406.974	1.59
407.239	1.72
407.504	1.69
407.769	1.73
408.034	1.65
408.299	1.59
408.563	0.55
408.828	19.49
409.093	-7.52
409.358	0.02
409.623	1.5
409.888	1.59
410.152	1.54
410.417	1.56
410.682	1.57
410.947	1.58
411.212	0.55
411.476	19.52
411.741	-7.56
412.006	-0.09
412.271	1.27
412.535	1.36
412.8	1.34
413.065	1.34
413.329	1.3
413.594	1.3
413.859	0.31
414.124	19.2
414.388	-7.85
414.653	-0.32
414.918	1.17
415.182	1.38
415.447	1.38
415.711	1.36
415.976	1.31
416.241	1.28
416.505	0.24
416.77	19.06
417.034	-7.9
417.299	-0.36
417.564	1.1
417.828	1.19
418.093	1.13
418.357	1.14
418.622	1.18
418.886	1.22
419.151	0.23
419.415	19.1
419.68	-7.83
419.944	-0.36
420.209	1.05
420.473	1.12
420.738	1.11
421.002	1.07
421.267	1.01
421.531	0.99
421.796	-0.06
422.06	18.83
422.325	-8.17
422.589	-0.71
422.853	0.72
423.118	0.79
423.382	0.82
423.646	0.8
423.911	0.78
424.175	0.76
424.44	-0.27
424.704	18.6
424.968	-8.36
425.233	-0.81
425.497	0.64
425.761	0.77
426.026	0.73
426.29	0.7
426.554	0.61
426.818	0.59
427.083	-0.41
427.347	18.49
427.611	-8.48
427.875	-1.05
428.14	0.38
428.404	0.49
428.668	0.51
428.932	0.57
429.197	0.5
429.461	0.54
429.725	-0.45
429.989	18.41
430.253	-8.62
430.517	-1.14
430.782	0.28
431.046	0.36
431.31	0.34
431.574	0.28
431.838	0.19
432.102	0.21
432.366	-0.8
432.63	18.15
432.894	-8.77
433.159	-1.26
433.423	0.2
433.687	0.38
433.951	0.32
434.215	0.35
434.479	0.39
434.743	0.42
435.007	-0.62
435.271	18.22
435.535	-8.8
435.799	-1.34
436.063	0.09
436.327	0.19
436.591	0.16
436.855	0.11
437.119	0.01
437.383	-0.03
437.646	-1.04
437.91	17.83
438.174	-9.1
438.438	-1.6
438.702	-0.12
438.966	0.02
439.23	-0
439.494	0.01
439.758	0.03
440.021	0.09
440.285	-0.95
440.549	17.91
440.813	-9.02
441.077	-1.52
441.341	-0.13
441.604	-0.07
441.868	-0.1
442.132	-0.03
442.396	-0.11
442.66	-0.08
442.923	-1.11
443.187	17.72
443.451	-9.18
443.715	-1.69
443.978	-0.32
444.242	-0.22
444.506	-0.21
444.769	-0.19
445.033	-0.24
445.297	-0.17
445.56	-1.18
445.824	17.69
446.088	-9.21
446.351	-1.73
446.615	-0.28
446.879	-0.09
447.142	-0.1
447.406	-0.05
447.669	-0.12
447.933	-0.14
448.197	-1.13
448.46	17.75
448.724	-9.19
448.987	-1.73
449.251	-0.35
449.515	-0.24
449.778	-0.32
450.042	-0.27
450.305	-0.34
450.569	-0.28
450.832	-1.3
451.096	17.55
451.359	-9.34
451.623	-1.82
451.886	-0.37
452.15	-0.23
452.413	-0.23
452.676	-0.14
452.94	-0.15
453.203	-0.21
453.467	-1.29
453.73	17.55
453.994	-9.4
454.257	-1.94
454.52	-0.54
454.784	-0.43
455.047	-0.46
455.31	-0.52
455.574	-0.59
455.837	-0.58
456.1	-1.51
456.364	17.38
456.627	-9.53
456.89	-2.04
457.154	-0.66
457.417	-0.58
457.68	-0.65
457.944	-0.56
458.207	-0.53
458.47	-0.54
458.733	-1.53
458.997	17.31
459.26	-9.64
459.523	-2.13
459.786	-0.75
460.049	-0.62
460.313	-0.58
460.576	-0.49
460.839	-0.57
461.102	-0.54
461.365	-1.5
461.628	17.32
461.892	-9.55
462.155	-2.04
462.418	-0.63
462.681	-0.5
462.944	-0.49
463.207	-0.42
463.47	-0.45
463.733	-0.45
463.996	-1.5
464.26	17.34
464.523	-9.58
464.786	-2.14
465.049	-0.69
465.312	-0.53
465.575	-0.55
465.838	-0.52
466.101	-0.59
466.364	-0.56
466.627	-1.51
466.89	17.32
467.153	-9.58
467.416	-2.06
467.679	-0.58
467.942	-0.45
468.205	-0.48
468.467	-0.41
468.73	-0.43
468.993	-0.42
469.256	-1.45
469.519	17.3
469.782	-9.51
470.045	-2.06
470.308	-0.61
470.571	-0.51
470.834	-0.46
471.096	-0.44
471.359	-0.46
471.622	-0.49
471.885	-1.48
472.148	17.38
472.41	-9.42
472.673	-1.96
472.936	-0.49
473.199	-0.37
473.462	-0.38
473.724	-0.4
473.987	-0.38
474.25	-0.36
474.513	-1.31
474.775	17.49
475.038	-9.33
475.301	-1.85
475.563	-0.43
475.826	-0.25
476.089	-0.25
476.352	-0.24
476.614	-0.25
476.877	-0.2
477.139	-1.19
477.402	17.62
477.665	-9.18
477.927	-1.72
478.19	-0.27
478.453	-0.11
478.715	-0.18
478.978	-0.14
479.24	-0.14
479.503	-0.11
479.766	-1.14
480.028	17.68
480.291	-9.14
480.553	-1.72
480.816	-0.27
481.078	-0.11
481.341	-0.12
481.603	-0.1
481.866	-0.13
482.128	-0.13
482.391	-1.16
482.653	17.63
482.916	-9.17
483.178	-1.71
483.441	-0.28
483.703	-0.12
483.965	-0.14
484.228	-0.06
484.49	-0.07
484.753	0.03
485.015	-0.9
485.277	17.9
485.54	-8.85
485.802	-1.42
486.065	0.03
486.327	0.21
486.589	0.17
486.852	0.23
487.114	0.16
487.376	0.22
487.638	-0.85
487.901	18
488.163	-8.78
488.425	-1.33
488.688	0.08
488.95	0.21
489.212	0.19
489.474	0.2
489.737	0.14
489.999	0.2
490.261	-0.8
490.523	18
490.786	-8.88
491.048	-1.38
491.31	0.04
491.572	0.23
491.834	0.23
492.096	0.34
492.359	0.34
492.621	0.4
492.883	-0.56
493.145	18.22
493.407	-8.5
493.669	-1.02
493.931	0.38
494.193	0.54
494.455	0.51
494.718	0.54
494.98	0.48
495.242	0.54
495.504	-0.46
495.766	18.31
496.028	-8.43
496.29	-0.97
496.552	0.47
496.814	0.61
497.076	0.61
497.338	0.72
497.6	0.71
497.862	0.72
498.124	-0.27
498.386	18.57
498.648	-8.17
498.91	-0.75
499.172	0.63
499.433	0.79
499.695	0.74
499.957	0.79
500.219	0.76
500.481	0.8
500.743	-0.12
501.005	18.66
501.267	-8.18
501.529	-0.77
501.79	0.65
502.052	0.82
502.314	0.78
502.576	0.89
502.838	0.84
503.099	0.86
503.361	-0.16
503.623	18.54
503.885	-8.26
504.147	-0.81
504.408	0.59
504.67	0.73
504.932	0.65
505.194	0.65
505.455	0.61
505.717	0.61
505.979	-0.33
506.24	18.52
506.502	-8.17
506.764	-0.7
507.025	0.73
507.287	0.93
507.549	0.97
507.81	1.08
508.072	1.1
508.334	1.17
508.595	0.22
508.857	18.98
509.119	-7.81
509.38	-0.45
509.642	1
509.903	1.13
510.165	1.11
510.426	1.16
510.688	1.14
510.949	1.21
511.211	0.16
511.473	18.91
511.734	-7.86
511.996	-0.41
512.257	1.09
512.519	1.21
512.78	1.22
513.042	1.18
513.303	1.13
513.564	1.17
513.826	0.19
514.087	19.03
514.349	-7.74
514.61	-0.31
514.872	1.15
515.133	1.25
515.394	1.3
515.656	1.33
515.917	1.37
516.179	1.45
516.44	0.47
516.701	19.23
516.963	-7.54
517.224	-0.1
517.485	1.32
517.747	1.41
518.008	1.44
518.269	1.36
518.53	1.43
518.792	1.45
519.053	0.38
519.314	19.08
519.576	-7.65
519.837	-0.23
520.098	1.21
520.359	1.37
520.62	1.39
520.882	1.37
521.143	1.44
521.404	1.39
521.665	0.44
521.926	19.27
522.188	-7.35
522.449	0.02
522.71	1.45
522.971	1.58
523.232	1.57
523.493	1.62
523.755	1.59
524.016	1.58
524.277	0.55
524.538	19.3
524.799	-7.49
525.06	-0.13
525.321	1.31
525.582	1.47
525.843	1.45
526.104	1.46
526.365	1.44
526.626	1.57
526.887	0.53
527.148	19.31
527.409	-7.41
527.67	0.02
527.931	1.51
528.192	1.66
528.453	1.62
528.714	1.69
528.975	1.72
529.236	1.71
529.497	0.65
529.758	19.44
530.019	-7.24
530.28	0.18
530.541	1.6
530.801	1.67
531.062	1.68
531.323	1.75
531.584	1.75
531.845	1.74
532.106	0.7
532.367	19.41
532.627	-7.3
532.888	0.07
533.149	1.5
533.41	1.61
533.671	1.53
533.931	1.54
534.192	1.51
534.453	1.5
534.714	0.53
534.974	19.37
535.235	-7.27
535.496	0.14
535.757	1.54
536.017	1.63
536.278	1.69
536.539	1.79
536.799	1.77
537.06	1.73
537.321	0.77
537.581	19.5
537.842	-7.29
538.103	0.08
538.363	1.49
538.624	1.67
538.885	1.66
539.145	1.65
539.406	1.63
539.666	1.64
539.927	0.68
540.188	19.36
540.448	-7.32
540.709	0.1
540.969	1.54
541.23	1.63
541.49	1.6
541.751	1.68
542.011	1.66
542.272	1.63
542.532	0.66
542.793	19.4
543.053	-7.27
543.314	0.13
543.574	1.51
543.835	1.64
544.095	1.66
544.356	1.71
544.616	1.75
544.876	1.74
545.137	0.74
545.397	19.49
545.658	-7.21
545.918	0.18
546.178	1.6
546.439	1.77
546.699	1.76
546.959	1.8
547.22	1.82
547.48	1.74
547.74	0.74
548.001	19.46
548.261	-7.31
548.521	0.07
548.782	1.53
549.042	1.66
549.302	1.61
549.562	1.64
549.823	1.6
550.083	1.56
550.343	0.54
550.603	19.27
550.864	-7.39
551.124	0.07
551.384	1.51
551.644	1.57
551.904	1.63
552.165	1.67
552.425	1.63
552.685	1.67
552.945	0.7
553.205	19.46
553.465	-7.16
553.725	0.22
553.986	1.65
554.246	1.81
554.506	1.8
554.766	1.76
555.026	1.72
555.286	1.74
555.546	0.68
555.806	19.31
556.066	-7.36
556.326	0.02
556.586	1.45
556.846	1.57
557.106	1.59
557.366	1.58
557.626	1.53
557.886	1.56
558.146	0.58
558.406	19.28
558.666	-7.33
558.926	0.07
559.186	1.45
559.446	1.62
559.706	1.58
559.966	1.49
560.226	1.51
560.486	1.54
560.746	0.61
561.005	19.34
561.265	-7.25
561.525	0.13
561.785	1.49
562.045	1.57
562.305	1.52
562.564	1.55
562.824	1.6
563.084	1.58
563.344	0.57
563.604	19.21
563.863	-7.47
564.123	-0.12
564.383	1.28
564.643	1.43
564.903	1.51
565.162	1.52
565.422	1.49
565.682	1.51
565.941	0.5
566.201	19.21
566.461	-7.42
566.721	-0.05
566.98	1.34
567.24	1.45
567.5	1.45
567.759	1.45
568.019	1.4
568.278	1.41
568.538	0.35
568.798	19.11
569.057	-7.53
569.317	-0.12
569.577	1.3
569.836	1.44
570.096	1.46
570.355	1.48
570.615	1.46
570.874	1.52
571.134	0.53
571.393	19.26
571.653	-7.36
571.912	-0.02
572.172	1.37
572.431	1.5
572.691	1.52
572.95	1.5
573.21	1.48
573.469	1.49
573.729	0.5
573.988	19.17
574.248	-7.48
574.507	-0.14
574.767	1.3
575.026	1.43
575.285	1.4
575.545	1.42
575.804	1.42
576.063	1.42
576.323	0.45
576.582	19.19
576.842	-7.41
577.101	-0.04
577.36	1.31
577.62	1.44
577.879	1.43
578.138	1.51
578.397	1.44
578.657	1.45
578.916	0.49
579.175	19.16
579.435	-7.51
579.694	-0.18
579.953	1.23
580.212	1.42
580.471	1.39
580.731	1.42
580.99	1.35
581.249	1.39
581.508	0.37
581.767	19
582.027	-7.6
582.286	-0.24
582.545	1.21
582.804	1.33
583.063	1.35
583.322	1.4
583.581	1.34
583.841	1.37
584.1	0.39
584.359	19.14
584.618	-7.45
584.877	-0.09
585.136	1.31
585.395	1.46
585.654	1.5
585.913	1.48
586.172	1.44
586.431	1.49
586.69	0.52
586.949	19.24
587.208	-7.34
587.467	0.01
587.726	1.48
587.985	1.59
588.244	1.59
588.503	1.54
588.762	1.49
589.021	1.49
589.28	0.49
589.539	19.16
589.798	-7.5
590.057	-0.22
590.316	1.2
590.574	1.28
590.833	1.24
591.092	1.19
591.351	1.22
591.61	1.3
591.869	0.29
592.128	18.97
592.386	-7.65
592.645	-0.22
592.904	1.25
593.163	1.32
593.422	1.28
593.68	1.31
593.939	1.31
594.198	1.32
594.457	0.32
594.715	18.98
594.974	-7.65
595.233	-0.27
595.492	1.07
595.75	1.12
596.009	1.15
596.268	1.14
596.526	1.17
596.785	1.2
597.044	0.2
597.302	18.85
597.561	-7.73
597.82	-0.31
598.078	1.07
598.337	1.27
598.595	1.28
598.854	1.28
599.113	1.28
599.371	1.26
599.63	0.26
599.888	18.97
600.147	-7.59
600.405	-0.23
600.664	1.14
600.923	1.3
601.181	1.25
601.44	1.29
601.698	1.3
601.957	1.37
602.215	0.42
602.474	19.14
602.732	-7.48
602.99	-0.19
603.249	1.24
603.507	1.38
603.766	1.37
604.024	1.36
604.283	1.34
604.541	1.37
604.799	0.39
605.058	19.09
605.316	-7.46
605.575	-0.12
605.833	1.29
606.091	1.44
606.35	1.45
606.608	1.47
606.866	1.46
607.125	1.46
607.383	0.43
607.641	19.09
607.9	-7.55
608.158	-0.24
608.416	1.18
608.674	1.32
608.933	1.3
609.191	1.32
609.449	1.26
609.707	1.33
609.966	0.35
610.224	19.02
610.482	-7.6
610.74	-0.22
610.998	1.17
611.257	1.34
611.515	1.35
611.773	1.34
612.031	1.27
612.289	1.28
612.547	0.24
612.806	18.91
613.064	-7.64
613.322	-0.3
613.58	1.12
613.838	1.21
614.096	1.23
614.354	1.23
614.612	1.23
614.87	1.31
615.128	0.33
615.386	19.03
615.644	-7.55
615.902	-0.22
616.16	1.2
616.418	1.25
616.676	1.28
616.934	1.22
617.192	1.22
617.45	1.2
617.708	0.16
617.966	18.85
618.224	-7.74
618.482	-0.38
618.74	1.02
618.998	1.13
619.256	1.13
619.514	1.08
619.772	1.07
620.03	1.11
620.287	0.13
620.545	18.81
620.803	-7.74
621.061	-0.41
621.319	0.94
621.577	1.07
621.834	1.04
622.092	1.15
622.35	1.25
622.608	1.29
622.866	0.24
623.123	18.93
623.381	-7.62
623.639	-0.36
623.897	1.03
624.154	1.17
624.412	1.18
624.67	1.23
624.928	1.14
625.185	1.11
625.443	0.04
625.701	18.7
625.958	-7.82
626.216	-0.47
626.474	1.06
626.731	1.23
626.989	1.22
627.247	1.26
627.504	1.2
627.762	1.21
628.02	0.17
628.277	18.88
628.535	-7.68
628.792	-0.39
629.05	0.94
629.307	0.94
629.565	0.91
629.823	1.01
630.08	0.94
630.338	0.96
630.595	-0.08
630.853	18.6
631.11	-7.94
631.368	-0.6
631.625	0.81
631.883	0.98
632.14	0.98
632.397	0.99
632.655	0.93
632.912	1
633.17	0.03
633.427	18.75
633.685	-7.76
633.942	-0.44
634.199	0.98
634.457	1.11
634.714	1.11
634.972	1.16
635.229	1.19
635.486	1.22
635.744	0.23
636.001	18.89
636.258	-7.68
636.516	-0.37
636.773	1.07
637.03	1.21
637.288	1.21
637.545	1.25
637.802	1.23
638.059	1.18
638.317	0.17
638.574	18.81
638.831	-7.69
639.088	-0.39
639.346	1.02
639.603	1.07
639.86	1.05
640.117	1.02
640.374	0.94
640.631	0.91
640.889	-0.06
641.146	18.61
641.403	-7.93
641.66	-0.64
641.917	0.86
642.174	1.03
642.431	1.05
642.689	1.08
642.946	1.1
643.203	1.13
643.46	0.21
643.717	18.87
643.974	-7.68
644.231	-0.33
644.488	1.03
644.745	1.1
645.002	1.02
645.259	1.03
645.516	0.96
645.773	0.98
646.03	0.05
646.287	18.65
646.544	-7.88
646.801	-0.51
647.058	0.84
647.315	1
647.572	0.98
647.829	0.99
648.086	1.04
648.343	1.09
648.6	0.03
648.856	18.6
649.113	-7.88
649.37	-0.57
649.627	0.8
649.884	0.95
650.141	0.9
650.398	0.91
650.654	0.93
650.911	0.93
651.168	-0.07
651.425	18.62
651.682	-7.86
651.938	-0.52
652.195	0.89
652.452	0.99
652.709	0.93
652.965	1.02
653.222	0.99
653.479	1.03
653.736	-0.01
653.992	18.66
654.249	-7.85
654.506	-0.54
654.762	0.85
655.019	1
655.276	1.04
655.532	1.17
655.789	1.12
656.046	1.19
656.302	0.21
656.559	18.91
656.816	-7.64
657.072	-0.26
657.329	1.18
657.585	1.26
657.842	1.23
658.099	1.21
658.355	1.06
658.612	1.14
658.868	0.14
659.125	18.78
659.381	-7.81
659.638	-0.5
659.894	0.86
660.151	0.98
660.407	1.03
660.664	1.03
660.92	1.01
661.177	1.1
661.433	0.07
661.69	18.67
661.946	-7.83
662.203	-0.47
662.459	0.98
662.715	1.09
662.972	1.07
663.228	1.06
663.485	1.08
663.741	1.14
663.997	0.14
664.254	18.74
664.51	-7.79
664.766	-0.48
665.023	0.94
665.279	1.06
665.535	1.07
665.792	1.04
666.048	0.96
666.304	0.95
666.56	-0.08
666.817	18.55
667.073	-7.9
667.329	-0.61
667.586	0.79
667.842	0.91
668.098	0.87
668.354	0.91
668.61	0.92
668.867	1
669.123	0.05
669.379	18.73
669.635	-7.8
669.891	-0.53
670.147	0.97
670.404	1.04
670.66	1.07
670.916	1.1
671.172	1.13
671.428	1.12
671.684	0.09
671.94	18.7
672.196	-7.91
672.452	-0.57
672.708	0.9
672.965	1.01
673.221	1.05
673.477	0.98
673.733	0.93
673.989	0.83
674.245	-0.15
674.501	18.52
674.757	-8.01
675.013	-0.66
675.269	0.75
675.525	0.85
675.781	0.82
676.037	0.85
676.292	0.84
676.548	0.9
676.804	-0.03
677.06	18.6
677.316	-7.87
677.572	-0.5
677.828	0.93
678.084	1.04
678.34	1
678.596	1.03
678.851	1
679.107	1.02
679.363	0.04
679.619	18.64
679.875	-7.82
680.131	-0.57
680.386	0.77
680.642	0.92
680.898	0.94
681.154	0.97
681.409	0.95
681.665	0.94
681.921	-0.04
682.177	18.58
682.432	-7.84
682.688	-0.55
682.944	0.87
683.199	1.02
683.455	0.96
683.711	0.97
683.967	0.96
684.222	0.97
684.478	-0
684.734	18.64
684.989	-7.88
685.245	-0.61
685.5	0.73
685.756	0.84
686.012	0.88
686.267	0.94
686.523	0.94
686.778	0.95
687.034	-0.06
687.289	18.55
687.545	-7.9
687.801	-0.61
688.056	0.78
688.312	0.95
688.567	0.93
688.823	0.9
689.078	0.79
689.334	0.76
689.589	-0.23
689.845	18.36
690.1	-8.04
690.355	-0.77
690.611	0.65
690.866	0.83
691.122	0.83
691.377	0.84
691.633	0.86
691.888	0.97
692.143	-0.02
692.399	18.59
692.654	-7.82
692.909	-0.54
693.165	0.85
693.42	1.01
693.675	0.96
693.931	1.03
694.186	1.01
694.441	1
694.697	-0.03
694.952	18.62
695.207	-7.85
695.463	-0.56
695.718	0.83
695.973	0.97
696.228	0.97
696.484	1.01
696.739	0.96
696.994	0.98
697.249	-0.01
697.504	18.61
697.76	-7.92
698.015	-0.66
698.27	0.75
698.525	0.84
698.78	0.81
699.035	0.74
699.291	0.71
699.546	0.72
699.801	-0.23
700.056	18.36
700.311	-8.11
700.566	-0.79
700.821	0.69
701.076	0.76
701.331	0.73
701.586	0.81
701.841	0.9
702.096	0.98
702.351	0.02
702.606	18.64
702.862	-7.84
703.117	-0.54
703.372	0.85
703.626	0.92
703.881	0.94
704.136	0.96
704.391	0.89
704.646	0.86
704.901	-0.2
705.156	18.35
705.411	-8.15
705.666	-0.89
705.921	0.48
706.176	0.61
706.431	0.58
706.686	0.59
706.94	0.62
707.195	0.59
707.45	-0.43
707.705	18.19
707.96	-8.25
708.215	-0.94
708.469	0.58
708.724	0.75
708.979	0.81
709.234	0.86
709.489	0.8
709.743	0.83
709.998	-0.11
710.253	18.49
710.508	-8.01
710.762	-0.74
711.017	0.66
711.272	0.74
711.527	0.74
711.781	0.78
712.036	0.81
712.291	0.86
712.545	-0.21
712.8	18.37
713.055	-8.09
713.309	-0.72
713.564	0.69
713.818	0.87
714.073	0.88
714.328	0.91
714.582	0.8
714.837	0.79
715.091	-0.22
715.346	18.41
715.601	-8
715.855	-0.63
716.11	0.72
716.364	0.86
716.619	0.82
716.873	0.83
717.128	0.81
717.382	0.81
717.637	-0.21
717.891	18.39
718.146	-8.04
718.4	-0.82
718.655	0.52
718.909	0.65
719.164	0.64
719.418	0.64
719.672	0.6
719.927	0.59
720.181	-0.34
720.436	18.31
720.69	-8.17
720.944	-0.89
721.199	0.57
721.453	0.66
721.707	0.58
721.962	0.57
722.216	0.57
722.47	0.57
722.725	-0.41
722.979	18.19
723.233	-8.32
723.488	-0.94
723.742	0.47
723.996	0.63
724.25	0.67
724.505	0.75
724.759	0.73
725.013	0.77
725.267	-0.24
725.522	18.32
725.776	-8.16
726.03	-0.82
726.284	0.59
726.538	0.71
726.792	0.64
727.047	0.64
727.301	0.61
727.555	0.62
727.809	-0.46
728.063	18.12
728.317	-8.33
728.571	-1.02
728.825	0.39
729.08	0.5
729.334	0.49
729.588	0.52
729.842	0.52
730.096	0.53
730.35	-0.42
730.604	18.24
730.858	-8.15
731.112	-0.82
731.366	0.57
731.62	0.65
731.874	0.63
732.128	0.67
732.382	0.68
732.636	0.67
732.89	-0.25
733.144	18.34
733.398	-8.12
733.652	-0.9
733.905	0.5
734.159	0.64
734.413	0.66
734.667	0.69
734.921	0.66
735.175	0.63
735.429	-0.37
735.683	18.2
735.936	-8.27
736.19	-0.93
736.444	0.57
736.698	0.75
736.952	0.73
737.205	0.69
737.459	0.65
737.713	0.65
737.967	-0.28
738.221	18.39
738.474	-8.07
738.728	-0.74
738.982	0.62
739.236	0.65
739.489	0.59
739.743	0.67
739.997	0.69
740.25	0.68
740.504	-0.28
740.758	18.32
741.011	-8.17
741.265	-0.87
741.519	0.52
741.772	0.66
742.026	0.7
742.28	0.69
742.533	0.52
742.787	0.52
743.04	-0.45
743.294	18.09
743.547	-8.37
743.801	-1.09
744.055	0.31
744.308	0.47
744.562	0.44
744.815	0.45
745.069	0.45
745.322	0.56
745.576	-0.44
745.829	18.21
746.083	-8.22
746.336	-0.9
746.59	0.52
746.843	0.63
747.097	0.65
747.35	0.73
747.603	0.71
747.857	0.76
748.11	-0.23
748.364	18.43
748.617	-8.04
748.87	-0.74
749.124	0.63
749.377	0.75
749.63	0.75
749.884	0.68
750.137	0.62
750.39	0.64
750.644	-0.36
750.897	18.26
751.15	-8.2
751.404	-0.88
751.657	0.55
751.91	0.68
752.164	0.69
752.417	0.7
752.67	0.71
752.923	0.77
753.176	-0.19
753.43	18.41
753.683	-8.07
753.936	-0.81
754.189	0.59
754.442	0.63
754.696	0.57
754.949	0.58
755.202	0.52
755.455	0.48
755.708	-0.58
755.961	18
756.214	-8.44
756.468	-1.14
756.721	0.29
756.974	0.35
757.227	0.41
757.48	0.49
757.733	0.43
757.986	0.46
758.239	-0.52
758.492	18.13
758.745	-8.35
758.998	-1.04
759.251	0.39
759.504	0.54
759.757	0.56
760.01	0.57
760.263	0.52
760.516	0.56
760.769	-0.38
761.022	18.28
761.275	-8.22
761.528	-0.9
761.781	0.52
762.034	0.59
762.287	0.54
762.54	0.56
762.792	0.49
763.045	0.5
763.298	-0.52
763.551	18.09
763.804	-8.37
764.057	-1.06
764.31	0.34
764.562	0.43
764.815	0.43
765.068	0.45
765.321	0.43
765.574	0.46
765.826	-0.55
766.079	18.08
766.332	-8.37
766.585	-1.04
766.837	0.41
767.09	0.53
767.343	0.5
767.595	0.52
767.848	0.55
768.101	0.6
768.354	-0.34
768.606	18.29
768.859	-8.15
769.112	-0.85
769.364	0.56
769.617	0.68
769.869	0.7
770.122	0.78
770.375	0.77
770.627	0.76
770.88	-0.23
771.132	18.4
771.385	-8.02
771.638	-0.76
771.89	0.62
772.143	0.68
772.395	0.67
772.648	0.64
772.9	0.57
773.153	0.57
773.405	-0.39
773.658	18.19
773.91	-8.28
774.163	-0.95
774.415	0.51
774.668	0.65
774.92	0.7
775.173	0.67
775.425	0.71
775.677	0.74
775.93	-0.21
776.182	18.44
776.435	-8.01
776.687	-0.76
776.939	0.62
777.192	0.75
777.444	0.72
777.696	0.74
777.949	0.78
778.201	0.76
778.453	-0.29
778.706	18.29
778.958	-8.24
779.21	-0.96
779.463	0.44
779.715	0.53
779.967	0.49
780.219	0.55
780.472	0.43
780.724	0.38
780.976	-0.61
781.228	18.07
781.481	-8.36
781.733	-1.04
781.985	0.42
782.237	0.56
782.489	0.55
782.741	0.57
782.994	0.54
783.246	0.64
783.498	-0.28
783.75	18.37
784.002	-8.08
784.254	-0.75
784.506	0.64
784.758	0.76
785.011	0.78
785.263	0.79
785.515	0.72
785.767	0.67
786.019	-0.35
786.271	18.18
786.523	-8.34
786.775	-1.07
787.027	0.29
787.279	0.43
787.531	0.38
787.783	0.33
788.035	0.33
788.287	0.39
788.539	-0.55
788.791	18.06
789.043	-8.31
789.295	-0.98
789.546	0.44
789.798	0.57
790.05	0.58
790.302	0.64
790.554	0.65
790.806	0.66
791.058	-0.35
791.31	18.22
791.561	-8.19
791.813	-0.94
792.065	0.46
792.317	0.55
792.569	0.54
792.821	0.54
793.072	0.45
793.324	0.47
793.576	-0.45
793.828	18.19
794.079	-8.19
794.331	-0.93
794.583	0.45
794.835	0.52
795.086	0.55
795.338	0.55
795.59	0.54
795.841	0.59
796.093	-0.44
796.345	18.08
796.596	-8.36
796.848	-1.08
797.1	0.3
797.351	0.43
797.603	0.48
797.855	0.48
798.106	0.46
798.358	0.48
798.609	-0.49
798.861	18.12
799.113	-8.31
799.364	-0.99
799.616	0.39
799.867	0.51
800.119	0.56
800.37	0.52
800.622	0.51
800.873	0.54
801.125	-0.45
801.376	18.14
801.628	-8.27
801.879	-1.04
802.131	0.29
802.382	0.42
802.634	0.42
802.885	0.36
803.137	0.39
803.388	0.39
803.639	-0.62
803.891	17.98
804.142	-8.44
804.394	-1.11
804.645	0.36
804.896	0.51
805.148	0.52
805.399	0.54
805.65	0.52
805.902	0.51
806.153	-0.47
806.404	18.1
806.656	-8.36
806.907	-1.09
807.158	0.35
807.409	0.48
807.661	0.47
807.912	0.46
808.163	0.43
808.414	0.49
808.666	-0.47
808.917	18.17
809.168	-8.23
809.419	-0.9
809.67	0.5
809.922	0.55
810.173	0.56
810.424	0.56
810.675	0.6
810.926	0.68
811.177	-0.33
811.428	18.26
811.68	-8.2
811.931	-0.92
812.182	0.46
812.433	0.54
812.684	0.47
812.935	0.5
813.186	0.46
813.437	0.42
813.688	-0.63
813.939	17.97
814.19	-8.42
814.441	-1.14
814.692	0.32
814.943	0.43
815.194	0.43
815.445	0.51
815.696	0.46
815.947	0.53
816.198	-0.4
816.449	18.19
816.7	-8.19
816.951	-0.89
817.202	0.54
817.453	0.59
817.704	0.59
817.954	0.62
818.205	0.61
818.456	0.67
818.707	-0.31
818.958	18.28
819.209	-8.16
819.46	-0.93
819.71	0.42
819.961	0.55
820.212	0.55
820.463	0.58
820.714	0.57
820.964	0.58
821.215	-0.45
821.466	18.12
821.717	-8.38
821.967	-1.06
822.218	0.36
822.469	0.45
822.72	0.35
822.97	0.41
823.221	0.41
823.472	0.44
823.722	-0.58
823.973	18.01
824.224	-8.43
824.474	-1.09
824.725	0.27
824.975	0.39
825.226	0.4
825.477	0.43
825.727	0.38
825.978	0.37
826.229	-0.66
826.479	17.91
826.73	-8.49
826.98	-1.22
827.231	0.17
827.481	0.27
827.732	0.22
827.982	0.28
828.233	0.3
828.483	0.35
828.734	-0.62
828.984	17.96
829.235	-8.47
829.485	-1.2
829.736	0.27
829.986	0.44
830.237	0.49
830.487	0.57
830.737	0.53
830.988	0.57
831.238	-0.43
831.489	18.15
831.739	-8.25
831.989	-0.9
832.24	0.49
832.49	0.6
832.74	0.56
832.991	0.51
833.241	0.44
833.491	0.48
833.742	-0.51
833.992	18.05
834.242	-8.37
834.493	-1.08
834.743	0.26
834.993	0.38
835.243	0.36
835.494	0.34
835.744	0.44
835.994	0.51
836.244	-0.49
836.494	18.12
836.745	-8.26
836.995	-0.93
837.245	0.53
837.495	0.72
837.745	0.76
837.996	0.82
838.246	0.8
838.496	0.79
838.746	-0.25
838.996	18.34
839.246	-8.1
839.496	-0.84
839.746	0.51
839.996	0.56
840.246	0.55
840.497	0.53
840.747	0.45
840.997	0.48
841.247	-0.48
841.497	18.16
841.747	-8.26
841.997	-0.97
842.247	0.4
842.497	0.52
842.747	0.52
842.997	0.55
843.247	0.52
843.496	0.57
843.746	-0.4
843.996	18.13
844.246	-8.32
844.496	-1.08
844.746	0.29
844.996	0.43
845.246	0.42
845.496	0.42
845.746	0.37
845.995	0.39
846.245	-0.6
846.495	17.99
846.745	-8.33
846.995	-1.04
847.245	0.39
847.494	0.55
847.744	0.57
847.994	0.64
848.244	0.71
848.493	0.7
848.743	-0.32
848.993	18.25
849.243	-8.2
849.492	-0.97
849.742	0.48
849.992	0.59
850.242	0.56
850.491	0.54
850.741	0.45
850.991	0.42
851.24	-0.5
851.49	18.11
851.74	-8.26
851.989	-0.9
852.239	0.49
852.488	0.58
852.738	0.55
852.988	0.62
853.237	0.64
853.487	0.69
853.736	-0.29
853.986	18.29
854.235	-8.08
854.485	-0.86
854.735	0.49
854.984	0.65
855.234	0.64
855.483	0.7
855.733	0.61
855.982	0.63
856.232	-0.38
856.481	18.24
856.73	-8.17
856.98	-0.86
857.229	0.57
857.479	0.67
857.728	0.6
857.978	0.56
858.227	0.49
858.476	0.57
858.726	-0.47
858.975	18.13
859.225	-8.36
859.474	-1.12
859.723	0.24
859.973	0.4
860.222	0.41
860.471	0.45
860.721	0.52
860.97	0.57
861.219	-0.46
861.468	18.12
861.718	-8.33
861.967	-1.02
862.216	0.43
862.465	0.55
862.715	0.51
862.964	0.47
863.213	0.37
863.462	0.37
863.712	-0.6
863.961	17.98
864.21	-8.38
864.459	-1.09
864.708	0.36
864.957	0.42
865.207	0.35
865.456	0.38
865.705	0.45
865.954	0.54
866.203	-0.49
866.452	18.05
866.701	-8.32
866.95	-1.03
867.199	0.38
867.448	0.48
867.698	0.55
867.947	0.61
868.196	0.56
868.445	0.56
868.694	-0.39
868.943	18.26
869.192	-8.08
869.441	-0.8
869.69	0.63
869.939	0.77
870.188	0.76
870.436	0.73
870.685	0.7
870.934	0.73
871.183	-0.24
871.432	18.31
871.681	-8.17
871.93	-0.93
872.179	0.45
872.428	0.52
872.677	0.49
872.925	0.51
873.174	0.52
873.423	0.59
873.672	-0.37
873.921	18.19
874.17	-8.22
874.418	-0.97
874.667	0.47
874.916	0.64
875.165	0.67
875.413	0.69
875.662	0.72
875.911	0.75
876.16	-0.25
876.408	18.36
876.657	-8.03
876.906	-0.75
877.155	0.63
877.403	0.69
877.652	0.72
877.901	0.75
878.149	0.74
878.398	0.71
878.647	-0.33
878.895	18.25
879.144	-8.22
879.392	-0.96
879.641	0.5
879.89	0.73
880.138	0.71
880.387	0.66
880.635	0.61
880.884	0.66
881.132	-0.32
881.381	18.26
881.63	-8.15
881.878	-0.91
882.127	0.5
882.375	0.61
882.624	0.55
882.872	0.59
883.121	0.59
883.369	0.57
883.617	-0.47
883.866	18.13
884.114	-8.27
884.363	-0.99
884.611	0.48
884.86	0.62
885.108	0.63
885.356	0.66
885.605	0.7
885.853	0.71
886.102	-0.23
886.35	18.44
886.598	-7.95
886.847	-0.67
887.095	0.7
887.343	0.85
887.592	0.87
887.84	0.85
888.088	0.81
888.336	0.8
888.585	-0.15
888.833	18.42
889.081	-8.05
889.329	-0.76
889.578	0.65
889.826	0.81
890.074	0.83
890.322	0.82
890.571	0.79
890.819	0.84
891.067	-0.16
891.315	18.43
891.563	-7.94
891.811	-0.68
892.06	0.71
892.308	0.86
892.556	0.88
892.804	0.88
893.052	0.89
893.3	0.94
893.548	-0.01
893.796	18.61
894.044	-7.81
894.292	-0.55
894.54	0.91
894.788	1.05
895.036	1.03
895.284	1.03
895.533	0.98
895.781	0.98
896.028	0.02
896.276	18.58
896.524	-7.81
896.772	-0.54
897.02	0.82
897.268	0.95
897.516	0.94
897.764	1.02
898.012	0.98
898.26	1
898.508	0
898.756	18.58
899.004	-7.83
899.252	-0.56
899.499	0.86
899.747	1.06
899.995	1.06
900.243	1.09
900.491	1.08
900.739	1.17
900.986	0.24
901.234	18.81
901.482	-7.56
901.73	-0.26
901.978	1.16
902.225	1.31
902.473	1.26
902.721	1.26
902.968	1.27
903.216	1.29
903.464	0.29
903.712	18.91
903.959	-7.4
904.207	-0.14
904.455	1.33
904.702	1.51
904.95	1.49
905.198	1.55
905.445	1.64
905.693	1.74
905.941	0.85
906.188	19.57
906.436	-6.69
906.683	0.75
906.931	2.49
907.178	2.85
907.426	3.07
907.674	3.31
907.921	3.52
908.169	3.69
908.416	2.88
908.664	21.65
908.911	-4.46
909.159	3.4
909.406	6.52
909.654	12.24
909.901	32.13
910.149	70.61
910.396	138.66
910.644	228.61
910.891	349.77
911.138	515.05
911.386	664.25
911.633	869.69
911.881	1108.61
912.128	1381.61
912.375	1692.41
912.623	2022.6
912.87	2366.96
913.117	2709.34
913.365	3051.77
913.612	3395.45
913.859	3686.54
914.107	3994.42
914.354	4286.61
914.601	4533.79
914.849	4750.13
915.096	4927.8
915.343	5066.71
915.59	5164.02
915.838	5233.98
916.085	5296.72
916.332	5294.27
916.579	5300.22
916.827	5287.31
917.074	5251.6
917.321	5217.02
917.568	5161.12
917.815	5086.47
918.062	5006.99
918.31	4926.13
918.557	4851.55
918.804	4722.22
919.051	4620.65
919.298	4514.34
919.545	4393.54
919.792	4270.69
920.039	4131.64
920.286	3991.46
920.534	3843.84
920.781	3685.91
921.028	3529.63
921.275	3313.46
921.522	3105.58
921.769	2869.99
922.016	2601.49
922.263	2314.65
922.51	2007.67
922.757	1705.25
923.004	1414.09
923.251	1143.07
923.498	910.41
923.745	659.46
923.992	469.05
924.238	311.61
924.485	186.94
924.732	100.77
924.979	46.97
925.226	23.8
925.473	15.05
925.72	10.64
925.967	27.58
926.214	-0.08
926.46	6.43
926.707	7.09
926.954	6.73
927.201	6.21
927.448	5.88
927.694	5.46
927.941	5.17
928.188	3.8
928.435	22.16
928.682	-4.55
928.928	2.56
929.175	3.73
929.422	3.78
929.668	3.57
929.915	3.46
930.162	3.25
930.409	3.18
930.655	2
930.902	20.53
931.149	-6.05
931.395	1.19
931.642	2.47
931.889	2.55
932.135	2.42
932.382	2.45
932.628	2.37
932.875	2.29
933.122	1.19
933.368	19.79
933.615	-6.68
933.861	0.56
934.108	1.87
934.354	1.97
934.601	1.95
934.847	1.93
935.094	1.8
935.34	1.74
935.587	0.72
935.833	19.27
936.08	-7.25
936.326	0.03
936.573	1.41
936.819	1.55
937.066	1.49
937.312	1.45
937.559	1.42
937.805	1.45
938.051	0.46
938.298	19.03
938.544	-7.36
938.791	0.01
939.037	1.32
939.283	1.42
939.53	1.33
939.776	1.35
940.022	1.33
940.269	1.39
940.515	0.38
940.761	18.96
941.007	-7.48
941.254	-0.18
941.5	1.15
941.746	1.29
941.993	1.28
942.239	1.31
942.485	1.29
942.731	1.28
942.977	0.19
943.224	18.74
943.47	-7.71
943.716	-0.4
943.962	0.93
944.208	1.05
944.455	1.04
944.701	1.08
944.947	1.03
945.193	1
945.439	0.05
945.685	18.66
945.931	-7.74
946.177	-0.47
946.423	0.85
946.67	1
946.916	0.98
947.162	1
947.408	0.97
947.654	1.04
947.9	0.14
948.146	18.7
948.392	-7.71
948.638	-0.43
948.884	1
949.13	1.19
949.376	1.14
949.622	1.18
949.868	1.17
950.114	1.2
950.359	0.12
950.605	18.6
950.851	-7.84
951.097	-0.53
951.343	0.9
951.589	1.09
951.835	1.05
952.081	1.1
952.327	1.08
952.572	1.09
952.818	0.1
953.064	18.74
953.31	-7.64
953.556	-0.42
953.802	0.95
954.047	1.03
954.293	0.93
954.539	0.98
954.785	0.96
955.03	0.94
955.276	-0.14
955.522	18.4
955.768	-7.98
956.013	-0.68
956.259	0.85
956.505	1.02
956.75	1.05
956.996	1.13
957.242	1.09
957.487	1.09
957.733	0.1
957.979	18.75
958.224	-7.63
958.47	-0.39
958.716	1.01
958.961	1.09
959.207	0.98
959.452	0.94
959.698	0.84
959.943	0.86
960.189	-0.11
960.435	18.52
960.68	-7.86
960.926	-0.61
961.171	0.76
961.417	0.84
961.662	0.82
961.908	0.86
962.153	0.84
962.399	0.9
962.644	-0.1
962.89	18.5
963.135	-7.94
963.38	-0.65
963.626	0.8
963.871	0.95
964.117	1.01
964.362	1.07
964.607	1.07
964.853	1.15
965.098	0.12
965.344	18.69
965.589	-7.74
965.834	-0.48
966.08	0.9
966.325	0.96
966.57	0.95
966.815	0.95
967.061	0.94
967.306	0.93
967.551	0.82
967.797	1.88
968.042	-15.69
968.287	-6.89
968.532	-5.38
968.777	-5.25
969.023	-5.26
969.268	-5.21
969.513	-5.21
969.758	-5.23
970.003	-5.22
970.249	-5.12
970.494	-5.16
970.739	-5.13
970.984	-5.14
971.229	-5.1
971.474	-5.13
971.719	-5.09
971.965	-5.2
972.21	-5.22
972.455	-5.22
972.7	-5.17
972.945	-5.21
973.19	-5.17
973.435	-5.21
973.68	-5.17
973.925	-5.14
974.17	-5.11
974.415	-5.13
974.66	-5.1
974.905	-5.04
975.15	-5.01
975.395	-5.07
975.64	-5.04
975.885	-5.03
976.13	-4.96
976.375	-4.96
976.62	-4.99
976.865	-5.04
977.109	-5.02
977.354	-4.98
977.599	-5.03
977.844	-5.01
978.089	-4.95
978.334	-4.95
978.579	-5
978.824	-5.09
979.068	-5.09
979.313	-5.14
979.558	-5.13
979.803	-5.14
980.048	-5.19
980.292	-5.28
980.537	-5.33
980.782	-5.41
981.027	-5.43
981.271	-5.4
981.516	-5.41
981.761	-5.48
982.006	-5.5
982.25	-5.5
982.495	-5.42
982.74	-5.44
982.984	-5.32
983.229	-5.27
983.474	-5.18
983.718	-5.21
983.963	-5.23
984.208	-5.22
984.452	-5.18
984.697	-5.13
984.941	-5.14
985.186	-5.28
985.431	-5.22
985.675	-5.28
985.92	-5.32
986.164	-5.39
986.409	-5.44
986.653	-5.46
986.898	-5.36
987.142	-5.38
987.387	-5.35
987.631	-5.35
987.876	-5.28
988.12	-5.3
988.365	-5.27
988.609	-5.24
988.854	-5.19
989.098	-5.15
989.343	-5.15
989.587	-5.18
989.831	-5.14
990.076	-5.19
990.32	-5.18
990.565	-5.18
990.809	-5.13
991.053	-5.19
991.298	-5.23
991.542	-5.25
991.786	-5.21
992.031	-5.19
992.275	-5.19
992.519	-5.17
992.764	-5.07
993.008	-5.08
993.252	-5.05
993.496	-5.1
993.741	-5.03
993.985	-5.02
994.229	-5.02
994.473	-5.07
994.718	-5.13
994.962	-5.16
995.206	-5.2
995.45	-5.29
995.694	-5.27
995.939	-5.28
996.183	-5.24
996.427	-5.26
996.671	-5.24
996.915	-5.25
997.159	-5.16
997.403	-5.13
997.647	-5.11
997.892	-5.14
998.136	-5.13
998.38	-5.16
998.624	-5.16
998.868	-5.19
999.112	-5.16
999.356	-5.19
999.6	-5.19
999.844	-5.23
1000.088	-5.13
1000.332	-5.09
1000.576	-5.03
1000.82	-5.04
1001.064	-4.99
1001.308	-5
1001.552	-5.03
1001.796	-5.08
1002.04	-5.06
1002.284	-5.08
1002.528	-5.08
1002.771	-5.19
1003.015	-5.25
1003.259	-5.26
1003.503	-5.22
1003.747	-5.25
1003.991	-5.21
1004.235	-5.18
1004.479	-5.12
1004.722	-5.11
1004.966	-5.1
1005.21	-5.11
1005.454	-5
1005.698	-5.03
1005.941	-5.03
1006.185	-5.03
1006.429	-5.01
1006.673	-4.99
1006.916	-4.97
1007.16	-5.02
1007.404	-4.96
1007.648	-4.94
1007.891	-4.9
1008.135	-5.03
1008.379	-4.99
1008.622	-4.99
1008.866	-5
1009.11	-5.03
1009.353	-5.08
1009.597	-5.15
1009.841	-5.1
1010.084	-5.12
1010.328	-5.15
1010.571	-5.17
1010.815	-5.1
1011.059	-5.1
1011.302	-5.09
1011.546	-5.04
1011.789	-4.97
1012.033	-4.99
1012.276	-4.87
1012.52	-4.87
1012.763	-4.84
1013.007	-4.82
1013.25	-4.81
1013.494	-4.89
1013.737	-4.87
1013.981	-4.89
1014.224	-4.93
1014.468	-5
1014.711	-4.92
1014.955	-5.06
1015.198	-5.04
1015.441	-5.1
1015.685	-5.1
1015.928	-5.14
1016.172	-5.03
1016.415	-5.04
1016.658	-4.99
1016.902	-4.99
1017.145	-4.96
1017.388	-4.99
1017.632	-4.91
1017.875	-4.98
1018.118	-5.02
1018.362	-5.04
1018.605	-5
1018.848	-5.07
1019.091	-5.06
1019.335	-5.11
1019.578	-5.15
1019.821	-5.16
1020.064	-5.2
1020.308	-5.2
1020.551	-5.2
1020.794	-5.16
1021.037	-5.16
1021.28	-5.16
1021.524	-5.15
1021.767	-5.19
1022.01	-5.18
1022.253	-5.14
1022.496	-5.13
1022.739	-5.13
1022.982	-5.14
1023.226	-5.09
1023.469	-5.09
1023.712	-5.1
1023.955	-5.12
1024.198	-5.11
1024.441	-5.12
1024.684	-5.08
1024.927	-5.12
1025.17	-5.16
1025.413	-5.11
1025.656	-5.17
1025.899	-5.18
1026.142	-5.18
1026.385	-5.13
1026.628	-5.14
1026.871	-5.08
1027.114	-5.05
1027.357	-5.04
1027.6	-4.99
1027.843	-4.89
1028.086	-4.86
1028.329	-4.8
1028.571	-4.8
1028.814	-4.81
1029.057	-4.87
1029.3	-4.87
1029.543	-4.97
1029.786	-4.99
1030.029	-5.03
1030.271	-5.05
1030.514	-5.14
1030.757	-5.17
1031	-5.19
1031.243	-5.16
1031.485	-5.19
1031.728	-5.11
1031.971	-5.09
1032.214	-5.02
1032.456	-4.99
1032.699	-4.98
1032.942	-5.02
1033.185	-4.96
1033.427	-5
1033.67	-5
1033.913	-5.04
1034.155	-5.01
1034.398	-5.09
1034.641	-5.13
1034.883	-5.19
1035.126	-5.23
1035.369	-5.23
1035.611	-5.16
1035.854	-5.22
1036.096	-5.17
1036.339	-5.16
1036.582	-5.13
1036.824	-5.17
1037.067	-5.13
1037.309	-5.09
1037.552	-5.02
1037.794	-4.97
1038.037	-5.01
1038.279	-5.08
1038.522	-5.08
1038.764	-5.07
1039.007	-5.05
1039.249	-5.11
1039.492	-5.12
1039.734	-5.15
1039.977	-5.18
1040.219	-5.21
1040.462	-5.2
1040.704	-5.23
1040.946	-5.16
1041.189	-5.13
1041.431	-5.15
1041.674	-5.16
1041.916	-5.11
1042.158	-5.07
1042.401	-5.06
1042.643	-5.07
1042.885	-5.1
1043.128	-5.11
1043.37	-5.04
1043.612	-5.06
1043.855	-5.07
1044.097	-5.11
1044.339	-5.15
1044.581	-5.18
1044.824	-5.15
1045.066	-5.14
1045.308	-5.09
1045.55	-5.06
1045.793	-5.07
1046.035	-5.07
1046.277	-5.06
1046.519	-5.09
1046.761	-5.14
1047.003	-5.17
1047.246	-5.12
1047.488	-5.13
1047.73	-5.14
1047.972	-5.15
1048.214	-5.16
1048.456	-5.16
1048.698	-5.15
1048.94	-5.19
1049.183	-5.08
1049.425	-5.05
1049.667	-5.01
1049.909	-5.09
1050.151	-5.07
1050.393	-5.09
1050.635	-5.09
1050.877	-5.05
1051.119	-5.01
1051.361	-5.03
1051.603	-5.03
1051.845	-5.11
1052.087	-5.09
1052.329	-5.07
1052.571	-5.01
1052.813	-5.06
1053.054	-5.09
1053.296	-5.11
1053.538	-5.11
1053.78	-5.2
1054.022	-5.19
1054.264	-5.2
1054.506	-5.23
1054.748	-5.19
1054.99	-5.18
1055.231	-5.21
1055.473	-5.18
1055.715	-5.16
1055.957	-5.14
1056.199	-5.13
1056.44	-5.05
1056.682	-5.09
1056.924	-5.04
1057.166	-5
1057.408	-4.99
1057.649	-5.06
1057.891	-5.05
1058.133	-5.01
1058.374	-4.92
1058.616	-4.97
1058.858	-5.01
1059.1	-5.1
1059.341	-5.08
1059.583	-5.14
1059.825	-5.18
1060.066	-5.2
1060.308	-5.11
1060.549	-5.19
1060.791	-5.16
1061.033	-5.2
1061.274	-5.14
1061.516	-5.18
1061.757	-5.2
1061.999	-5.22
1062.241	-5.2
1062.482	-5.18
1062.724	-5.18
1062.965	-5.24
1063.207	-5.15
1063.448	-5.27
1063.69	-5.28
1063.931	-5.34
1064.173	-5.3
1064.414	-5.23
1064.656	-5.2
1064.897	-5.23
1065.139	-5.24
1065.38	-5.31
1065.621	-5.3
1065.863	-5.36
1066.104	-5.31
1066.346	-5.4
1066.587	-5.4
1066.828	-5.42
1067.07	-5.45
1067.311	-5.54
1067.552	-5.54
1067.794	-5.58
1068.035	-5.5
1068.276	-5.55
1068.518	-5.49
1068.759	-5.49
1069	-5.42
1069.242	-5.44
1069.483	-5.37
1069.724	-5.33
1069.965	-5.24
1070.207	-5.25
1070.448	-5.21
1070.689	-5.26
1070.93	-5.22
1071.172	-5.26
1071.413	-5.2
1071.654	-5.18
1071.895	-5.15
1072.136	-5.23
1072.377	-5.22
1072.619	-5.2
1072.86	-5.11
1073.101	-5.11
1073.342	-5.03
1073.583	-5.04
1073.824	-5.06
1074.065	-5.19
1074.306	-5.25
1074.547	-5.29
1074.788	-5.31
1075.029	-5.35
1075.271	-5.36
1075.512	-5.41
1075.753	-5.4
1075.994	-5.46
1076.235	-5.43
1076.476	-5.42
1076.717	-5.36
1076.958	-5.39
1077.199	-5.34
1077.439	-5.35
1077.68	-5.35
1077.921	-5.42
1078.162	-5.41
1078.403	-5.47
1078.644	-5.48
1078.885	-5.52
1079.126	-5.54
1079.367	-5.48
1079.608	-5.43
1079.848	-5.46
1080.089	-5.47
1080.33	-5.52
1080.571	-5.44
1080.812	-5.45
1081.053	-5.43
1081.293	-5.45
1081.534	-5.48
1081.775	-5.47
1082.016	-5.51
1082.257	-5.51
1082.497	-5.51
1082.738	-5.48
1082.979	-5.42
1083.219	-5.46
1083.46	-5.46
1083.701	-5.44
1083.942	-5.45
1084.182	-5.43
1084.423	-5.44
1084.664	-5.5
1084.904	-5.48
1085.145	-5.5
1085.386	-5.54
1085.626	-5.61
1085.867	-5.63
1086.107	-5.66
1086.348	-5.62
1086.589	-5.58
1086.829	-5.58
1087.07	-5.62
1087.31	-5.56
1087.551	-5.65
1087.791	-5.59
1088.032	-5.59
1088.272	-5.54
1088.513	-5.54
1088.753	-5.55
1088.994	-5.6
1089.234	-5.63
1089.475	-5.74
1089.715	-5.71
1089.956	-5.78
1090.196	-5.73
1090.437	-5.85
1090.677	-5.8
1090.917	-5.82
1091.158	-5.83
1091.398	-5.84
1091.639	-5.85
1091.879	-5.86
1092.119	-5.79
1092.36	-5.86
1092.6	-5.86
1092.84	-5.92
1093.081	-5.81
1093.321	-5.84
1093.561	-5.81
1093.802	-5.82
1094.042	-5.76
1094.282	-5.76
1094.522	-5.73
1094.763	-5.75
1095.003	-5.66
1095.243	-5.64
1095.483	-5.63
1095.724	-5.66
1095.964	-5.69
1096.204	-5.72
1096.444	-5.7
1096.684	-5.78
1096.925	-5.79
1097.165	-5.82
1097.405	-5.8
1097.645	-5.82
1097.885	-5.81
1098.125	-5.84
1098.365	-5.84
1098.605	-5.84
1098.846	-5.8
1099.086	-5.8
1099.326	-5.74
1099.566	-5.76
1099.806	-5.8
1100.046	-5.83
1100.286	-5.82
1100.526	-5.86
1100.766	-5.82
1101.006	-5.86
1101.246	-5.88
1101.486	-5.93
1101.726	-6.01
1101.966	-6.06
1102.206	-6.02
1102.446	-5.97
1102.686	-5.97
1102.926	-5.97
1103.166	-5.93
1103.405	-5.94
1103.645	-5.9
1103.885	-5.9
1104.125	-5.86
1104.365	-5.79
1104.605	-5.82
1104.845	-5.85
1105.085	-5.88
1105.324	-5.91
1105.564	-5.91
1105.804	-5.9
1106.044	-5.88
1106.284	-5.88
1106.523	-5.84
1106.763	-5.86
1107.003	-5.84
1107.243	-5.79
1107.482	-5.75
1107.722	-5.76
1107.962	-5.71
1108.202	-5.72
1108.441	-5.74
1108.681	-5.77
1108.921	-5.82
1109.16	-5.91
1109.4	-5.91
1109.64	-5.94
1109.879	-5.94
1110.119	-5.99
1110.359	-5.96
1110.598	-5.98
1110.838	-5.95
1111.077	-5.93
1111.317	-5.93
1111.557	-5.91
1111.796	-5.87
1112.036	-5.89
1112.275	-5.83
1112.515	-5.8
1112.754	-5.76
1112.994	-5.8
1113.233	-5.8
1113.473	-5.83
1113.712	-5.81
1113.952	-5.8
1114.191	-5.73
1114.431	-5.74
1114.67	-5.74
1114.91	-5.83
1115.149	-5.86
1115.389	-5.86
1115.628	-5.81
1115.867	-5.85
1116.107	-5.91
1116.346	-5.97
1116.585	-5.99
1116.825	-6.03
1117.064	-5.97
1117.304	-5.98
1117.543	-5.94
1117.782	-5.98
1118.021	-5.98
1118.261	-6.05
1118.5	-6.01
1118.739	-5.99
1118.979	-5.94
1119.218	-5.94
1119.457	-5.96
1119.696	-6.04
1119.936	-6.05
1120.175	-6.09
1120.414	-6.08
1120.653	-6.14
1120.893	-6.11
1121.132	-6.11
1121.371	-6.11
1121.61	-6.1
1121.849	-6.1
1122.088	-6.12
1122.328	-6.07
1122.567	-6.06
1122.806	-6.01
1123.045	-6.06
1123.284	-6.07
1123.523	-6.09
1123.762	-6.09
1124.001	-6.1
1124.24	-6.18
1124.479	-6.17
1124.718	-6.12
1124.957	-6.2
1125.196	-6.17
1125.435	-6.24
1125.674	-6.2
1125.913	-6.13
1126.152	-6.16
1126.391	-6.19
1126.63	-6.2
1126.869	-6.18
1127.108	-6.22
1127.347	-6.26
1127.586	-6.23
1127.825	-6.28
