Data from HR4C45961_13-15-46-519.txt Node
195.373	-317.42
195.645	-272.92
195.916	-239.47
196.187	-213.43
196.459	-192.62
196.73	-176.64
197.002	-102.47
197.273	-55.79
197.544	-1.43
197.816	0.51
198.087	0.82
198.358	0.94
198.63	1.08
198.901	1.1
199.172	1.13
199.444	0.14
199.715	19.44
199.986	-8.01
200.257	-0.27
200.529	1.3
200.8	1.55
201.071	1.57
201.343	1.62
201.614	1.62
201.885	1.72
202.156	0.77
202.427	20.05
202.699	-7.38
202.97	0.41
203.241	2.05
203.512	2.25
203.783	2.31
204.055	2.41
204.326	2.5
204.597	2.63
204.868	1.66
205.139	20.97
205.41	-6.41
205.681	1.43
205.952	3.01
206.224	3.2
206.495	3.31
206.766	3.42
207.037	3.5
207.308	3.58
207.579	2.59
207.85	21.87
208.121	-5.57
208.392	2.21
208.663	3.73
208.934	3.92
209.205	3.89
209.476	3.96
209.747	3.94
210.018	3.97
210.289	2.99
210.56	22.18
210.831	-5.27
211.102	2.48
211.373	4.01
211.644	4.21
211.915	4.19
212.186	4.34
212.457	4.36
212.728	4.37
212.999	3.35
213.269	22.55
213.54	-4.87
213.811	2.84
214.082	4.36
214.353	4.44
214.624	4.45
214.895	4.51
215.165	4.44
215.436	4.49
215.707	3.54
215.978	22.72
216.249	-4.79
216.52	2.98
216.79	4.51
217.061	4.68
217.332	4.69
217.603	4.68
217.873	4.68
218.144	4.71
218.415	3.66
218.686	22.77
218.956	-4.6
219.227	3.19
219.498	4.65
219.768	4.82
220.039	4.78
220.31	4.79
220.58	4.8
220.851	4.84
221.122	3.8
221.392	22.95
221.663	-4.46
221.934	3.28
222.204	4.72
222.475	4.89
222.746	4.87
223.016	4.88
223.287	4.91
223.557	4.92
223.828	3.82
224.098	23
224.369	-4.47
224.64	3.23
224.91	4.66
225.181	4.82
225.451	4.84
225.722	4.82
225.992	4.86
226.263	4.9
226.533	3.97
226.804	23.17
227.074	-4.28
227.345	3.46
227.615	4.96
227.886	5.12
228.156	5.09
228.426	5.12
228.697	5.13
228.967	5.13
229.238	4.06
229.508	23.05
229.779	-4.4
230.049	3.31
230.319	4.79
230.59	4.89
230.86	4.8
231.13	4.8
231.401	4.75
231.671	4.78
231.941	3.7
232.212	22.84
232.482	-4.5
232.752	3.22
233.023	4.68
233.293	4.8
233.563	4.8
233.834	4.82
234.104	4.85
234.374	4.88
234.644	3.82
234.915	22.95
235.185	-4.48
235.455	3.18
235.725	4.65
235.995	4.8
236.266	4.78
236.536	4.79
236.806	4.78
237.076	4.77
237.346	3.7
237.616	22.83
237.887	-4.57
238.157	3.12
238.427	4.54
238.697	4.61
238.967	4.53
239.237	4.53
239.507	4.46
239.777	4.48
240.048	3.44
240.318	22.57
240.588	-4.91
240.858	2.78
241.128	4.29
241.398	4.43
241.668	4.44
241.938	4.47
242.208	4.41
242.478	4.4
242.748	3.29
243.018	22.36
243.288	-5.08
243.558	2.64
243.828	4.1
244.098	4.1
244.368	4.1
244.638	4.11
244.908	4.12
245.178	4.2
245.448	3.2
245.718	22.31
245.987	-5.11
246.257	2.61
246.527	4
246.797	4.08
247.067	4.11
247.337	4.08
247.607	4.05
247.877	3.93
248.146	2.83
248.416	21.88
248.686	-5.54
248.956	2.13
249.226	3.48
249.496	3.68
249.765	3.68
250.035	3.66
250.305	3.57
250.575	3.59
250.844	2.61
251.114	21.69
251.384	-5.7
251.654	1.91
251.923	3.35
252.193	3.54
252.463	3.47
252.732	3.43
253.002	3.38
253.272	3.43
253.542	2.33
253.811	21.36
254.081	-5.99
254.351	1.64
254.62	3.16
254.89	3.33
255.159	3.24
255.429	3.19
255.699	3.11
255.968	3.11
256.238	2.01
256.507	21.12
256.777	-6.24
257.047	1.41
257.316	2.9
257.586	3.01
257.855	2.92
258.125	2.92
258.394	2.88
258.664	2.94
258.933	1.93
259.203	21.05
259.472	-6.36
259.742	1.24
260.011	2.68
260.281	2.72
260.55	2.65
260.82	2.64
261.089	2.56
261.359	2.54
261.628	1.42
261.898	20.44
262.167	-7.02
262.436	0.63
262.706	2.06
262.975	2.12
263.245	2.11
263.514	2.12
263.783	2.02
264.053	2.1
264.322	1.09
264.591	20.18
264.861	-7.18
265.13	0.49
265.399	1.92
265.669	2.08
265.938	2.05
266.207	2.07
266.477	2.02
266.746	2.04
267.015	0.89
267.284	19.82
267.554	-7.61
267.823	-0.06
268.092	1.45
268.361	1.55
268.631	1.51
268.9	1.45
269.169	1.34
269.438	1.29
269.707	0.24
269.977	19.32
270.246	-7.92
270.515	-0.24
270.784	1.22
271.053	1.25
271.322	1.19
271.591	1.17
271.861	1.15
272.13	1.15
272.399	0.05
272.668	19.07
272.937	-8.34
273.206	-0.74
273.475	0.68
273.744	0.79
274.013	0.8
274.282	0.79
274.551	0.75
274.82	0.71
275.089	-0.36
275.358	18.74
275.627	-8.66
275.896	-0.99
276.165	0.48
276.434	0.62
276.703	0.62
276.972	0.57
277.241	0.52
277.51	0.46
277.779	-0.61
278.048	18.47
278.317	-8.91
278.586	-1.22
278.855	0.22
279.124	0.33
279.393	0.32
279.662	0.28
279.93	0.21
280.199	0.2
280.468	-0.85
280.737	18.26
281.006	-9.13
281.275	-1.48
281.544	-0.1
281.812	-0.01
282.081	-0.1
282.35	-0.17
282.619	-0.25
282.888	-0.27
283.156	-1.34
283.425	17.77
283.694	-9.58
283.963	-1.88
284.231	-0.43
284.5	-0.25
284.769	-0.31
285.038	-0.32
285.306	-0.39
285.575	-0.36
285.844	-1.39
286.112	17.62
286.381	-9.79
286.65	-2.15
286.918	-0.73
287.187	-0.66
287.456	-0.72
287.724	-0.68
287.993	-0.75
288.262	-0.71
288.53	-1.8
288.799	17.29
289.067	-9.98
289.336	-2.32
289.604	-0.91
289.873	-0.84
290.142	-0.83
290.41	-0.87
290.679	-0.92
290.947	-0.89
291.216	-1.96
291.484	17.13
291.753	-10.27
292.021	-2.68
292.29	-1.23
292.558	-1.11
292.827	-1.11
293.095	-1.14
293.364	-1.13
293.632	-1.16
293.901	-2.2
294.169	16.93
294.438	-10.37
294.706	-2.67
294.974	-1.15
295.243	-1.05
295.511	-1.1
295.78	-1.08
296.048	-1.1
296.316	-1.14
296.585	-2.14
296.853	16.93
297.121	-10.49
297.39	-2.91
297.658	-1.45
297.926	-1.39
298.195	-1.4
298.463	-1.4
298.731	-1.48
299	-1.49
299.268	-2.47
299.536	16.53
299.804	-10.78
300.073	-3.11
300.341	-1.62
300.609	-1.54
300.877	-1.55
301.146	-1.57
301.414	-1.59
301.682	-1.61
301.95	-2.63
302.218	16.4
302.487	-10.86
302.755	-3.22
303.023	-1.76
303.291	-1.62
303.559	-1.59
303.827	-1.58
304.096	-1.57
304.364	-1.52
304.632	-2.48
304.9	16.62
305.168	-10.64
305.436	-2.97
305.704	-1.51
305.972	-1.39
306.24	-1.47
306.508	-1.53
306.776	-1.58
307.045	-1.61
307.313	-2.73
307.581	16.29
307.849	-11.07
308.117	-3.43
308.385	-2
308.653	-1.83
308.921	-1.86
309.189	-1.76
309.457	-1.75
309.724	-1.69
309.992	-2.65
310.26	16.49
310.528	-10.76
310.796	-3.08
311.064	-1.59
311.332	-1.43
311.6	-1.47
311.868	-1.42
312.136	-1.51
312.404	-1.48
312.672	-2.55
312.939	16.44
313.207	-10.84
313.475	-3.25
313.743	-1.79
314.011	-1.66
314.279	-1.67
314.546	-1.64
314.814	-1.61
315.082	-1.51
315.35	-2.5
315.618	16.61
315.885	-10.61
316.153	-3
316.421	-1.49
316.689	-1.36
316.956	-1.4
317.224	-1.39
317.492	-1.37
317.759	-1.36
318.027	-2.38
318.295	16.65
318.563	-10.65
318.83	-3.06
319.098	-1.52
319.366	-1.42
319.633	-1.44
319.901	-1.41
320.169	-1.44
320.436	-1.45
320.704	-2.5
320.971	16.46
321.239	-10.81
321.507	-3.09
321.774	-1.56
322.042	-1.45
322.309	-1.37
322.577	-1.29
322.844	-1.26
323.112	-1.25
323.38	-2.29
323.647	16.76
323.915	-10.37
324.182	-2.67
324.45	-1.27
324.717	-1.09
324.985	-1.07
325.252	-1.12
325.52	-1.14
325.787	-1.09
326.054	-2.06
326.322	17.02
326.589	-10.18
326.857	-2.64
327.124	-1.19
327.392	-1.04
327.659	-1.12
327.926	-1.13
328.194	-1.12
328.461	-1.06
328.729	-2.14
328.996	16.87
329.263	-10.37
329.531	-2.73
329.798	-1.23
330.065	-1.09
330.333	-1.03
330.6	-0.98
330.867	-0.93
331.135	-0.88
331.402	-1.91
331.669	17.17
331.936	-10.01
332.204	-2.36
332.471	-0.91
332.738	-0.74
333.005	-0.69
333.273	-0.68
333.54	-0.69
333.807	-0.67
334.074	-1.66
334.341	17.42
334.609	-9.81
334.876	-2.17
335.143	-0.7
335.41	-0.58
335.677	-0.6
335.944	-0.55
336.212	-0.5
336.479	-0.44
336.746	-1.45
337.013	17.61
337.28	-9.62
337.547	-1.94
337.814	-0.44
338.081	-0.23
338.348	-0.14
338.616	-0.15
338.883	-0.22
339.15	-0.23
339.417	-1.22
339.684	17.83
339.951	-9.37
340.218	-1.68
340.485	-0.2
340.752	-0.03
341.019	-0.05
341.286	0.02
341.553	0.11
341.82	0.14
342.087	-0.86
342.354	18.19
342.62	-9
342.887	-1.32
343.154	0.11
343.421	0.18
343.688	0.15
343.955	0.19
344.222	0.1
344.489	0.1
344.756	-0.87
345.023	18.23
345.289	-8.94
345.556	-1.29
345.823	0.19
346.09	0.34
346.357	0.41
346.624	0.47
346.89	0.43
347.157	0.47
347.424	-0.48
347.691	18.55
347.958	-8.7
348.224	-1.09
348.491	0.4
348.758	0.54
349.025	0.53
349.291	0.59
349.558	0.55
349.825	0.63
350.091	-0.33
350.358	18.66
350.625	-8.52
350.891	-0.87
351.158	0.59
351.425	0.72
351.691	0.71
351.958	0.77
352.225	0.78
352.491	0.78
352.758	-0.25
353.025	18.79
353.291	-8.32
353.558	-0.63
353.824	0.86
354.091	0.94
354.358	1
354.624	1.08
354.891	1.1
355.157	1.08
355.424	0.14
355.69	19.19
355.957	-7.96
356.223	-0.33
356.49	1.09
356.756	1.22
357.023	1.31
357.289	1.33
357.556	1.3
357.822	1.38
358.089	0.41
358.355	19.45
358.622	-7.68
358.888	-0.11
359.154	1.31
359.421	1.48
359.687	1.49
359.954	1.5
360.22	1.47
360.486	1.49
360.753	0.47
361.019	19.47
361.286	-7.67
361.552	-0.1
361.818	1.4
362.085	1.6
362.351	1.58
362.617	1.67
362.884	1.7
363.15	1.75
363.416	0.72
363.682	19.65
363.949	-7.41
364.215	0.12
364.481	1.58
364.747	1.68
365.014	1.68
365.28	1.73
365.546	1.69
365.812	1.66
366.079	0.65
366.345	19.66
366.611	-7.39
366.877	0.14
367.143	1.63
367.409	1.82
367.676	1.89
367.942	1.89
368.208	1.85
368.474	1.88
368.74	0.95
369.006	19.96
369.272	-7.14
369.538	0.46
369.805	2.01
370.071	2.17
370.337	2.12
370.603	2.13
370.869	2.15
371.135	2.21
371.401	1.21
371.667	20.19
371.933	-6.89
372.199	0.73
372.465	2.23
372.731	2.34
372.997	2.32
373.263	2.37
373.529	2.31
373.795	2.31
374.061	1.28
374.327	20.22
374.593	-6.93
374.859	0.6
375.125	2
375.39	2.09
375.656	2.04
375.922	2.12
376.188	2.18
376.454	2.22
376.72	1.25
376.986	20.25
377.252	-6.87
377.517	0.71
377.783	2.2
378.049	2.33
378.315	2.34
378.581	2.33
378.847	2.31
379.112	2.26
379.378	1.24
379.644	20.14
379.91	-6.96
380.175	0.66
380.441	2.11
380.707	2.22
380.973	2.23
381.238	2.28
381.504	2.3
381.77	2.27
382.036	1.26
382.301	20.25
382.567	-6.79
382.833	0.79
383.098	2.3
383.364	2.39
383.63	2.4
383.895	2.42
384.161	2.37
384.427	2.35
384.692	1.35
384.958	20.36
385.223	-6.74
385.489	0.81
385.755	2.22
386.02	2.33
386.286	2.36
386.551	2.38
386.817	2.28
387.082	2.23
387.348	1.27
387.613	20.23
387.879	-6.93
388.144	0.61
388.41	2.06
388.675	2.24
388.941	2.14
389.206	2.14
389.472	2.1
389.737	2.15
390.003	1.22
390.268	20.19
390.534	-6.89
390.799	0.69
391.064	2.16
391.33	2.3
391.595	2.3
391.861	2.39
392.126	2.41
392.391	2.44
392.657	1.4
392.922	20.29
393.188	-6.81
393.453	0.8
393.718	2.24
393.984	2.36
394.249	2.37
394.514	2.36
394.779	2.3
395.045	2.25
395.31	1.22
395.575	20.19
395.841	-6.79
396.106	0.69
396.371	2.09
396.636	2.24
396.902	2.19
397.167	2.22
397.432	2.17
397.697	2.2
397.962	1.2
398.228	20.12
398.493	-6.94
398.758	0.51
399.023	1.98
399.288	2.11
399.553	2.08
399.819	2.15
400.084	2.09
400.349	2.08
400.614	1.03
400.879	20.01
401.144	-7.05
401.409	0.5
401.674	1.95
401.939	2.12
402.204	2.08
402.469	2.11
402.734	2.05
403	2.08
403.265	1.05
403.53	19.89
403.795	-7.16
404.06	0.43
404.325	1.81
404.59	1.93
404.855	1.87
405.12	1.85
405.384	1.81
405.649	1.83
405.914	0.83
406.179	19.76
406.444	-7.2
406.709	0.29
406.974	1.66
407.239	1.81
407.504	1.72
407.769	1.66
408.034	1.64
408.299	1.62
408.563	0.55
408.828	19.39
409.093	-7.65
409.358	-0.21
409.623	1.17
409.888	1.31
410.152	1.29
410.417	1.38
410.682	1.38
410.947	1.4
411.212	0.34
411.476	19.19
411.741	-7.83
412.006	-0.35
412.271	1.15
412.535	1.31
412.8	1.28
413.065	1.3
413.329	1.22
413.594	1.25
413.859	0.15
414.124	19.04
414.388	-7.88
414.653	-0.36
414.918	1.11
415.182	1.23
415.447	1.19
415.711	1.16
415.976	1.06
416.241	1.06
416.505	-0.02
416.77	18.9
417.034	-8.08
417.299	-0.6
417.564	0.87
417.828	0.97
418.093	0.99
418.357	1.03
418.622	1.04
418.886	1.14
419.151	0.11
419.415	18.96
419.68	-8.07
419.944	-0.6
420.209	0.83
420.473	0.87
420.738	0.79
421.002	0.7
421.267	0.61
421.531	0.6
421.796	-0.43
422.06	18.47
422.325	-8.48
422.589	-0.92
422.853	0.57
423.118	0.66
423.382	0.66
423.646	0.75
423.911	0.74
424.175	0.73
424.44	-0.35
424.704	18.45
424.968	-8.54
425.233	-1.06
425.497	0.34
425.761	0.42
426.026	0.43
426.29	0.42
426.554	0.36
426.818	0.34
427.083	-0.65
427.347	18.26
427.611	-8.66
427.875	-1.17
428.14	0.32
428.404	0.47
428.668	0.49
428.932	0.44
429.197	0.39
429.461	0.38
429.725	-0.66
429.989	18.23
430.253	-8.68
430.517	-1.23
430.782	0.2
431.046	0.31
431.31	0.27
431.574	0.21
431.838	0.23
432.102	0.29
432.366	-0.72
432.63	18.24
432.894	-8.76
433.159	-1.27
433.423	0.15
433.687	0.3
433.951	0.22
434.215	0.21
434.479	0.19
434.743	0.22
435.007	-0.89
435.271	18.04
435.535	-8.93
435.799	-1.42
436.063	-0.05
436.327	0.08
436.591	0.01
436.855	0.02
437.119	0.03
437.383	0.05
437.646	-0.97
437.91	17.89
438.174	-9.12
438.438	-1.65
438.702	-0.2
438.966	-0.06
439.23	-0.05
439.494	-0
439.758	-0.04
440.021	-0.06
440.285	-1.08
440.549	17.74
440.813	-9.15
441.077	-1.63
441.341	-0.24
441.604	-0.16
441.868	-0.19
442.132	-0.17
442.396	-0.2
442.66	-0.16
442.923	-1.21
443.187	17.6
443.451	-9.37
443.715	-1.91
443.978	-0.46
444.242	-0.3
444.506	-0.28
444.769	-0.28
445.033	-0.36
445.297	-0.35
445.56	-1.38
445.824	17.52
446.088	-9.35
446.351	-1.83
446.615	-0.37
446.879	-0.31
447.142	-0.34
447.406	-0.33
447.669	-0.36
447.933	-0.43
448.197	-1.47
448.46	17.46
448.724	-9.46
448.987	-2.02
449.251	-0.6
449.515	-0.52
449.778	-0.57
450.042	-0.57
450.305	-0.6
450.569	-0.55
450.832	-1.45
451.096	17.36
451.359	-9.59
451.623	-2.12
451.886	-0.69
452.15	-0.51
452.413	-0.43
452.676	-0.31
452.94	-0.28
453.203	-0.25
453.467	-1.29
453.73	17.52
453.994	-9.35
454.257	-1.91
454.52	-0.5
454.784	-0.38
455.047	-0.43
455.31	-0.49
455.574	-0.61
455.837	-0.64
456.1	-1.71
456.364	17.15
456.627	-9.69
456.89	-2.22
457.154	-0.78
457.417	-0.71
457.68	-0.73
457.944	-0.7
458.207	-0.73
458.47	-0.7
458.733	-1.7
458.997	17.09
459.26	-9.8
459.523	-2.4
459.786	-1
460.049	-0.87
460.313	-0.85
460.576	-0.81
460.839	-0.88
461.102	-0.82
461.365	-1.86
461.628	16.96
461.892	-9.85
462.155	-2.39
462.418	-0.92
462.681	-0.74
462.944	-0.7
463.207	-0.59
463.47	-0.66
463.733	-0.65
463.996	-1.72
464.26	17.14
464.523	-9.72
464.786	-2.25
465.049	-0.79
465.312	-0.68
465.575	-0.69
465.838	-0.72
466.101	-0.78
466.364	-0.7
466.627	-1.68
466.89	17.14
467.153	-9.66
467.416	-2.11
467.679	-0.62
467.942	-0.54
468.205	-0.51
468.467	-0.49
468.73	-0.49
468.993	-0.47
469.256	-1.43
469.519	17.41
469.782	-9.41
470.045	-1.99
470.308	-0.6
470.571	-0.5
470.834	-0.5
471.096	-0.54
471.359	-0.55
471.622	-0.55
471.885	-1.55
472.148	17.22
472.41	-9.67
472.673	-2.16
472.936	-0.73
473.199	-0.59
473.462	-0.64
473.724	-0.56
473.987	-0.43
474.25	-0.39
474.513	-1.4
474.775	17.41
475.038	-9.37
475.301	-1.85
475.563	-0.37
475.826	-0.2
476.089	-0.2
476.352	-0.19
476.614	-0.32
476.877	-0.4
477.139	-1.43
477.402	17.37
477.665	-9.46
477.927	-2.07
478.19	-0.63
478.453	-0.62
478.715	-0.62
478.978	-0.59
479.24	-0.54
479.503	-0.44
479.766	-1.36
480.028	17.54
480.291	-9.26
480.553	-1.79
480.816	-0.36
481.078	-0.14
481.341	-0.1
481.603	-0.12
481.866	-0.13
482.128	-0.15
482.391	-1.27
482.653	17.47
482.916	-9.39
483.178	-1.94
483.441	-0.48
483.703	-0.27
483.965	-0.33
484.228	-0.29
484.49	-0.27
484.753	-0.28
485.015	-1.29
485.277	17.57
485.54	-9.19
485.802	-1.72
486.065	-0.27
486.327	-0.11
486.589	-0.15
486.852	-0.1
487.114	-0.11
487.376	-0.05
487.638	-0.96
487.901	17.91
488.163	-8.8
488.425	-1.3
488.688	0.1
488.95	0.23
489.212	0.25
489.474	0.29
489.737	0.25
489.999	0.23
490.261	-0.8
490.523	17.97
490.786	-8.81
491.048	-1.35
491.31	0.03
491.572	0.19
491.834	0.19
492.096	0.19
492.359	0.23
492.621	0.26
492.883	-0.62
493.145	18.17
493.407	-8.61
493.669	-1.2
493.931	0.19
494.193	0.38
494.455	0.35
494.718	0.44
494.98	0.46
495.242	0.45
495.504	-0.56
495.766	18.21
496.028	-8.55
496.29	-1.1
496.552	0.34
496.814	0.47
497.076	0.43
497.338	0.47
497.6	0.44
497.862	0.42
498.124	-0.63
498.386	18.15
498.648	-8.65
498.91	-1.2
499.172	0.2
499.433	0.38
499.695	0.42
499.957	0.43
500.219	0.42
500.481	0.43
500.743	-0.53
501.005	18.32
501.267	-8.37
501.529	-0.92
501.79	0.49
502.052	0.66
502.314	0.66
502.576	0.65
502.838	0.69
503.099	0.7
503.361	-0.24
503.623	18.45
503.885	-8.3
504.147	-0.9
504.408	0.53
504.67	0.7
504.932	0.68
505.194	0.69
505.455	0.66
505.717	0.62
505.979	-0.29
506.24	18.44
506.502	-8.33
506.764	-0.96
507.025	0.4
507.287	0.5
507.549	0.48
507.81	0.55
508.072	0.52
508.334	0.62
508.595	-0.33
508.857	18.41
509.119	-8.31
509.38	-0.76
509.642	0.78
509.903	0.98
510.165	1
510.426	1.05
510.688	0.98
510.949	1.02
511.211	-0.04
511.473	18.73
511.734	-8.04
511.996	-0.61
512.257	0.81
512.519	0.93
512.78	0.92
513.042	0.9
513.303	0.87
513.564	0.92
513.826	-0.06
514.087	18.72
514.349	-8.01
514.61	-0.56
514.872	0.88
515.133	1.03
515.394	1
515.656	1.01
515.917	1.03
516.179	1.04
516.44	0.03
516.701	18.81
516.963	-7.91
517.224	-0.52
517.485	0.91
517.747	1.05
518.008	1.01
518.269	1.03
518.53	1.06
518.792	1.07
519.053	0.05
519.314	18.81
519.576	-7.91
519.837	-0.5
520.098	0.96
520.359	1.04
520.62	1.05
520.882	1.09
521.143	1.06
521.404	1.07
521.665	0.12
521.926	18.98
522.188	-7.65
522.449	-0.27
522.71	1.19
522.971	1.35
523.232	1.37
523.493	1.38
523.755	1.35
524.016	1.4
524.277	0.43
524.538	19.19
524.799	-7.62
525.06	-0.25
525.321	1.17
525.582	1.34
525.843	1.37
526.104	1.45
526.365	1.43
526.626	1.48
526.887	0.49
527.148	19.22
527.409	-7.52
527.67	-0.1
527.931	1.3
528.192	1.5
528.453	1.42
528.714	1.33
528.975	1.32
529.236	1.35
529.497	0.36
529.758	19.11
530.019	-7.65
530.28	-0.19
530.541	1.26
530.801	1.41
531.062	1.37
531.323	1.4
531.584	1.47
531.845	1.47
532.106	0.49
532.367	19.19
532.627	-7.52
532.888	-0.01
533.149	1.32
533.41	1.45
533.671	1.4
533.931	1.43
534.192	1.43
534.453	1.39
534.714	0.37
534.974	19.11
535.235	-7.51
535.496	-0.11
535.757	1.2
536.017	1.41
536.278	1.41
536.539	1.43
536.799	1.4
537.06	1.44
537.321	0.48
537.581	19.21
537.842	-7.49
538.103	-0.11
538.363	1.31
538.624	1.53
538.885	1.53
539.145	1.57
539.406	1.58
539.666	1.6
539.927	0.61
540.188	19.35
540.448	-7.32
540.709	0.02
540.969	1.41
541.23	1.52
541.49	1.48
541.751	1.52
542.011	1.47
542.272	1.55
542.532	0.55
542.793	19.24
543.053	-7.44
543.314	-0.05
543.574	1.41
543.835	1.54
544.095	1.56
544.356	1.56
544.616	1.48
544.876	1.5
545.137	0.47
545.397	19.23
545.658	-7.42
545.918	-0.03
546.178	1.4
546.439	1.58
546.699	1.53
546.959	1.54
547.22	1.61
547.48	1.66
547.74	0.67
548.001	19.42
548.261	-7.29
548.521	0.06
548.782	1.5
549.042	1.58
549.302	1.52
549.562	1.54
549.823	1.5
550.083	1.46
550.343	0.41
550.603	19.13
550.864	-7.6
551.124	-0.21
551.384	1.29
551.644	1.38
551.904	1.38
552.165	1.39
552.425	1.38
552.685	1.39
552.945	0.38
553.205	19.15
553.465	-7.53
553.725	-0.09
553.986	1.3
554.246	1.41
554.506	1.4
554.766	1.46
555.026	1.42
555.286	1.44
555.546	0.39
555.806	19.12
556.066	-7.56
556.326	-0.15
556.586	1.19
556.846	1.39
557.106	1.34
557.366	1.34
557.626	1.23
557.886	1.28
558.146	0.31
558.406	19.07
558.666	-7.57
558.926	-0.17
559.186	1.15
559.446	1.31
559.706	1.17
559.966	1.14
560.226	1.14
560.486	1.23
560.746	0.27
561.005	18.99
561.265	-7.65
561.525	-0.28
561.785	1.11
562.045	1.27
562.305	1.29
562.564	1.45
562.824	1.46
563.084	1.48
563.344	0.42
563.604	19.07
563.863	-7.63
564.123	-0.23
564.383	1.22
564.643	1.31
564.903	1.33
565.162	1.28
565.422	1.14
565.682	1.2
565.941	0.19
566.201	18.93
566.461	-7.71
566.721	-0.28
566.98	1.11
567.24	1.16
567.5	1.16
567.759	1.19
568.019	1.22
568.278	1.26
568.538	0.22
568.798	18.95
569.057	-7.69
569.317	-0.33
569.577	1.09
569.836	1.24
570.096	1.28
570.355	1.25
570.615	1.24
570.874	1.28
571.134	0.32
571.393	19.06
571.653	-7.59
571.912	-0.17
572.172	1.29
572.431	1.36
572.691	1.28
572.95	1.32
573.21	1.29
573.469	1.32
573.729	0.31
573.988	19.05
574.248	-7.59
574.507	-0.19
574.767	1.2
575.026	1.32
575.285	1.36
575.545	1.42
575.804	1.41
576.063	1.52
576.323	0.48
576.582	19.15
576.842	-7.48
577.101	-0.12
577.36	1.28
577.62	1.42
577.879	1.42
578.138	1.41
578.397	1.39
578.657	1.42
578.916	0.46
579.175	19.18
579.435	-7.41
579.694	-0.06
579.953	1.39
580.212	1.54
580.471	1.54
580.731	1.51
580.99	1.48
581.249	1.5
581.508	0.44
581.767	19.04
582.027	-7.6
582.286	-0.26
582.545	1.18
582.804	1.25
583.063	1.22
583.322	1.21
583.581	1.17
583.841	1.16
584.1	0.21
584.359	18.91
584.618	-7.64
584.877	-0.29
585.136	1.14
585.395	1.24
585.654	1.27
585.913	1.3
586.172	1.33
586.431	1.42
586.69	0.42
586.949	19.03
587.208	-7.54
587.467	-0.23
587.726	1.23
587.985	1.35
588.244	1.38
588.503	1.38
588.762	1.37
589.021	1.32
589.28	0.26
589.539	18.96
589.798	-7.57
590.057	-0.25
590.316	1.19
590.574	1.33
590.833	1.32
591.092	1.28
591.351	1.18
591.61	1.17
591.869	0.22
592.128	18.89
592.386	-7.67
592.645	-0.35
592.904	1.07
593.163	1.11
593.422	1.04
593.68	1
593.939	0.97
594.198	1.07
594.457	0.07
594.715	18.72
594.974	-7.86
595.233	-0.52
595.492	0.92
595.75	1.04
596.009	1.11
596.268	1.17
596.526	1.16
596.785	1.15
597.044	0.1
597.302	18.78
597.561	-7.83
597.82	-0.47
598.078	0.94
598.337	1.03
598.595	1.06
598.854	1.06
599.113	1.09
599.371	1.12
599.63	0.19
599.888	18.92
600.147	-7.65
600.405	-0.2
600.664	1.23
600.923	1.32
601.181	1.32
601.44	1.29
601.698	1.31
601.957	1.35
602.215	0.44
602.474	19.09
602.732	-7.49
602.99	-0.17
603.249	1.17
603.507	1.29
603.766	1.35
604.024	1.39
604.283	1.39
604.541	1.32
604.799	0.27
605.058	18.84
605.316	-7.72
605.575	-0.4
605.833	1.03
606.091	1.23
606.35	1.23
606.608	1.28
606.866	1.2
607.125	1.22
607.383	0.23
607.641	18.85
607.9	-7.7
608.158	-0.31
608.416	1.09
608.674	1.17
608.933	1.12
609.191	1.13
609.449	1.01
609.707	1.05
609.966	0.04
610.224	18.74
610.482	-7.79
610.74	-0.44
610.998	0.93
611.257	1.05
611.515	1.09
611.773	1.07
612.031	1.08
612.289	1.11
612.547	0.11
612.806	18.82
613.064	-7.74
613.322	-0.44
613.58	1.04
613.838	1.17
614.096	1.13
614.354	1.16
614.612	1.14
614.87	1.16
615.128	0.12
615.386	18.75
615.644	-7.85
615.902	-0.47
616.16	0.97
616.418	1.04
616.676	1.01
616.934	1.04
617.192	0.99
617.45	1.02
617.708	0.02
617.966	18.76
618.224	-7.72
618.482	-0.38
618.74	0.93
618.998	1.03
619.256	1.05
619.514	1.05
619.772	1.09
620.03	1.11
620.287	0.15
620.545	18.77
620.803	-7.8
621.061	-0.49
621.319	0.96
621.577	1.15
621.834	1.15
622.092	1.09
622.35	1.04
622.608	1.02
622.866	-0.01
623.123	18.6
623.381	-7.98
623.639	-0.6
623.897	0.82
624.154	0.87
624.412	0.89
624.67	0.97
624.928	0.99
625.185	1.05
625.443	0.05
625.701	18.79
625.958	-7.75
626.216	-0.38
626.474	1
626.731	1.14
626.989	1.17
627.247	1.12
627.504	1.03
627.762	1.04
628.02	0.06
628.277	18.69
628.535	-7.96
628.792	-0.66
629.05	0.72
629.307	0.79
629.565	0.75
629.823	0.76
630.08	0.77
630.338	0.81
630.595	-0.16
630.853	18.51
631.11	-8.02
631.368	-0.61
631.625	0.81
631.883	0.97
632.14	1.01
632.397	0.99
632.655	0.98
632.912	1.01
633.17	0
633.427	18.56
633.685	-8
633.942	-0.64
634.199	0.75
634.457	0.88
634.714	0.84
634.972	0.87
635.229	0.87
635.486	0.83
635.744	-0.17
636.001	18.44
636.258	-8.02
636.516	-0.71
636.773	0.69
637.03	0.85
637.288	0.88
637.545	0.98
637.802	1
638.059	1.02
638.317	0.01
638.574	18.65
638.831	-7.86
639.088	-0.52
639.346	0.93
639.603	0.97
639.86	0.88
640.117	0.85
640.374	0.74
640.631	0.68
640.889	-0.32
641.146	18.33
641.403	-8.2
641.66	-0.84
641.917	0.57
642.174	0.7
642.431	0.78
642.689	0.87
642.946	0.88
643.203	0.91
643.46	-0.05
643.717	18.61
643.974	-7.86
644.231	-0.51
644.488	0.87
644.745	0.97
645.002	0.92
645.259	0.91
645.516	0.81
645.773	0.78
646.03	-0.19
646.287	18.46
646.544	-8.04
646.801	-0.71
647.058	0.7
647.315	0.87
647.572	0.9
647.829	0.89
648.086	0.86
648.343	0.94
648.6	-0.03
648.856	18.61
649.113	-7.87
649.37	-0.6
649.627	0.77
649.884	0.86
650.141	0.85
650.398	0.83
650.654	0.83
650.911	0.87
651.168	-0.17
651.425	18.52
651.682	-8.02
651.938	-0.75
652.195	0.68
652.452	0.85
652.709	0.86
652.965	0.89
653.222	0.91
653.479	0.93
653.736	-0.05
653.992	18.65
654.249	-7.89
654.506	-0.56
654.762	0.86
655.019	0.99
655.276	0.97
655.532	1.01
655.789	0.97
656.046	1
656.302	0.01
656.559	18.68
656.816	-7.85
657.072	-0.5
657.329	0.92
657.585	1.02
657.842	0.97
658.099	0.91
658.355	0.86
658.612	0.86
658.868	-0.21
659.125	18.44
659.381	-8.13
659.638	-0.82
659.894	0.52
660.151	0.61
660.407	0.69
660.664	0.75
660.92	0.78
661.177	0.79
661.433	-0.21
661.69	18.5
661.946	-7.96
662.203	-0.59
662.459	0.79
662.715	0.93
662.972	0.93
663.228	0.96
663.485	0.91
663.741	0.93
663.997	-0.06
664.254	18.6
664.51	-7.96
664.766	-0.69
665.023	0.68
665.279	0.83
665.535	0.81
665.792	0.83
666.048	0.79
666.304	0.83
666.56	-0.12
666.817	18.55
667.073	-8.02
667.329	-0.76
667.586	0.64
667.842	0.77
668.098	0.72
668.354	0.74
668.61	0.7
668.867	0.67
669.123	-0.34
669.379	18.28
669.635	-8.24
669.891	-0.85
670.147	0.64
670.404	0.76
670.66	0.79
670.916	0.81
671.172	0.82
671.428	0.81
671.684	-0.14
671.94	18.53
672.196	-7.98
672.452	-0.7
672.708	0.71
672.965	0.82
673.221	0.85
673.477	0.86
673.733	0.88
673.989	0.84
674.245	-0.11
674.501	18.5
674.757	-8.07
675.013	-0.76
675.269	0.64
675.525	0.75
675.781	0.72
676.037	0.7
676.292	0.62
676.548	0.62
676.804	-0.33
677.06	18.32
677.316	-8.13
677.572	-0.79
677.828	0.59
678.084	0.76
678.34	0.71
678.596	0.77
678.851	0.73
679.107	0.79
679.363	-0.17
679.619	18.47
679.875	-8.09
680.131	-0.78
680.386	0.64
680.642	0.8
680.898	0.79
681.154	0.88
681.409	0.85
681.665	0.89
681.921	-0.17
682.177	18.46
682.432	-8.01
682.688	-0.62
682.944	0.76
683.199	0.9
683.455	0.84
683.711	0.85
683.967	0.82
684.222	0.81
684.478	-0.18
684.734	18.45
684.989	-8.02
685.245	-0.72
685.5	0.63
685.756	0.73
686.012	0.7
686.267	0.72
686.523	0.67
686.778	0.64
687.034	-0.29
687.289	18.34
687.545	-8.14
687.801	-0.91
688.056	0.47
688.312	0.6
688.567	0.58
688.823	0.61
689.078	0.59
689.334	0.55
689.589	-0.4
689.845	18.15
690.1	-8.34
690.355	-0.96
690.611	0.51
690.866	0.64
691.122	0.65
691.377	0.63
691.633	0.69
691.888	0.77
692.143	-0.21
692.399	18.4
692.654	-8.06
692.909	-0.74
693.165	0.65
693.42	0.69
693.675	0.69
693.931	0.74
694.186	0.72
694.441	0.65
694.697	-0.34
694.952	18.33
695.207	-8.17
695.463	-0.95
695.718	0.45
695.973	0.55
696.228	0.67
696.484	0.68
696.739	0.63
696.994	0.72
697.249	-0.32
697.504	18.28
697.76	-8.2
698.015	-0.94
698.27	0.56
698.525	0.7
698.78	0.66
699.035	0.57
699.291	0.56
699.546	0.63
699.801	-0.34
700.056	18.3
700.311	-8.2
700.566	-0.89
700.821	0.58
701.076	0.62
701.331	0.62
701.586	0.75
701.841	0.74
702.096	0.73
702.351	-0.34
702.606	18.24
702.862	-8.23
703.117	-0.91
703.372	0.49
703.626	0.6
703.881	0.62
704.136	0.62
704.391	0.54
704.646	0.6
704.901	-0.35
705.156	18.33
705.411	-8.15
705.666	-0.84
705.921	0.53
706.176	0.64
706.431	0.62
706.686	0.69
706.94	0.68
707.195	0.66
707.45	-0.35
707.705	18.22
707.96	-8.31
708.215	-1.03
708.469	0.44
708.724	0.59
708.979	0.6
709.234	0.7
709.489	0.62
709.743	0.63
709.998	-0.33
710.253	18.29
710.508	-8.17
710.762	-0.85
711.017	0.56
711.272	0.59
711.527	0.6
711.781	0.67
712.036	0.63
712.291	0.63
712.545	-0.41
712.8	18.22
713.055	-8.23
713.309	-0.96
713.564	0.4
713.818	0.54
714.073	0.55
714.328	0.56
714.582	0.52
714.837	0.53
715.091	-0.46
715.346	18.17
715.601	-8.33
715.855	-1.08
716.11	0.32
716.364	0.51
716.619	0.51
716.873	0.57
717.128	0.56
717.382	0.52
717.637	-0.52
717.891	18.11
718.146	-8.36
718.4	-1.07
718.655	0.36
718.909	0.47
719.164	0.4
719.418	0.38
719.672	0.33
719.927	0.33
720.181	-0.65
720.436	18.03
720.69	-8.36
720.944	-1.05
721.199	0.33
721.453	0.47
721.707	0.55
721.962	0.59
722.216	0.61
722.47	0.69
722.725	-0.31
722.979	18.35
723.233	-8.15
723.488	-0.96
723.742	0.48
723.996	0.61
724.25	0.51
724.505	0.58
724.759	0.62
725.013	0.56
725.267	-0.5
725.522	18.14
725.776	-8.32
726.03	-1.05
726.284	0.4
726.538	0.54
726.792	0.56
727.047	0.65
727.301	0.53
727.555	0.47
727.809	-0.47
728.063	18.13
728.317	-8.33
728.571	-1.07
728.825	0.37
729.08	0.53
729.334	0.53
729.588	0.52
729.842	0.52
730.096	0.57
730.35	-0.44
730.604	18.16
730.858	-8.29
731.112	-0.95
731.366	0.5
731.62	0.59
731.874	0.59
732.128	0.58
732.382	0.59
732.636	0.59
732.89	-0.4
733.144	18.26
733.398	-8.18
733.652	-0.92
733.905	0.48
734.159	0.52
734.413	0.49
734.667	0.44
734.921	0.34
735.175	0.33
735.429	-0.67
735.683	17.97
735.936	-8.55
736.19	-1.28
736.444	0.16
736.698	0.26
736.952	0.29
737.205	0.34
737.459	0.31
737.713	0.38
737.967	-0.61
738.221	17.99
738.474	-8.49
738.728	-1.16
738.982	0.32
739.236	0.44
739.489	0.39
739.743	0.44
739.997	0.39
740.25	0.44
740.504	-0.52
740.758	18.08
741.011	-8.37
741.265	-1.11
741.519	0.29
741.772	0.35
742.026	0.32
742.28	0.39
742.533	0.32
742.787	0.32
743.04	-0.66
743.294	17.89
743.547	-8.55
743.801	-1.23
744.055	0.17
744.308	0.27
744.562	0.24
744.815	0.27
745.069	0.23
745.322	0.23
745.576	-0.75
745.829	17.88
746.083	-8.49
746.336	-1.17
746.59	0.2
746.843	0.32
747.097	0.36
747.35	0.44
747.603	0.42
747.857	0.44
748.11	-0.48
748.364	18.18
748.617	-8.28
748.87	-1.07
749.124	0.37
749.377	0.53
749.63	0.57
749.884	0.59
750.137	0.57
750.39	0.57
750.644	-0.44
750.897	18.05
751.15	-8.39
751.404	-1.04
751.657	0.38
751.91	0.47
752.164	0.45
752.417	0.47
752.67	0.42
752.923	0.39
753.176	-0.62
753.43	18
753.683	-8.38
753.936	-1.14
754.189	0.2
754.442	0.39
754.696	0.41
754.949	0.42
755.202	0.34
755.455	0.36
755.708	-0.6
755.961	17.99
756.214	-8.52
756.468	-1.24
756.721	0.18
756.974	0.3
757.227	0.25
757.48	0.23
757.733	0.2
757.986	0.22
758.239	-0.76
758.492	17.87
758.745	-8.53
758.998	-1.12
759.251	0.26
759.504	0.38
759.757	0.37
760.01	0.38
760.263	0.37
760.516	0.38
760.769	-0.62
761.022	17.94
761.275	-8.56
761.528	-1.24
761.781	0.12
762.034	0.27
762.287	0.26
762.54	0.28
762.792	0.28
763.045	0.27
763.298	-0.71
763.551	17.95
763.804	-8.51
764.057	-1.21
764.31	0.17
764.562	0.28
764.815	0.29
765.068	0.29
765.321	0.24
765.574	0.26
765.826	-0.73
766.079	17.9
766.332	-8.49
766.585	-1.12
766.837	0.34
767.09	0.45
767.343	0.45
767.595	0.44
767.848	0.49
768.101	0.55
768.354	-0.46
768.606	18.14
768.859	-8.34
769.112	-1.13
769.364	0.19
769.617	0.25
769.869	0.27
770.122	0.31
770.375	0.29
770.627	0.26
770.88	-0.73
771.132	17.87
771.385	-8.59
771.638	-1.26
771.89	0.18
772.143	0.33
772.395	0.33
772.648	0.34
772.9	0.3
773.153	0.32
773.405	-0.62
773.658	17.98
773.91	-8.43
774.163	-1.12
774.415	0.34
774.668	0.43
774.92	0.5
775.173	0.55
775.425	0.57
775.677	0.62
775.93	-0.35
776.182	18.19
776.435	-8.24
776.687	-0.93
776.939	0.48
777.192	0.55
777.444	0.52
777.696	0.51
777.949	0.48
778.201	0.4
778.453	-0.58
778.706	18.08
778.958	-8.4
779.21	-1.18
779.463	0.18
779.715	0.32
779.967	0.33
780.219	0.38
780.472	0.3
780.724	0.27
780.976	-0.68
781.228	17.87
781.481	-8.64
781.733	-1.25
781.985	0.24
782.237	0.39
782.489	0.36
782.741	0.35
782.994	0.31
783.246	0.33
783.498	-0.6
783.75	18.05
784.002	-8.38
784.254	-1.07
784.506	0.29
784.758	0.39
785.011	0.4
785.263	0.34
785.515	0.29
785.767	0.34
786.019	-0.61
786.271	17.98
786.523	-8.5
786.775	-1.25
787.027	0.16
787.279	0.3
787.531	0.31
787.783	0.34
788.035	0.42
788.287	0.48
788.539	-0.54
788.791	18.06
789.043	-8.37
789.295	-1.08
789.546	0.38
789.798	0.52
790.05	0.55
790.302	0.56
790.554	0.52
790.806	0.52
791.058	-0.5
791.31	18.12
791.561	-8.32
791.813	-1.03
792.065	0.4
792.317	0.52
792.569	0.5
792.821	0.46
793.072	0.46
793.324	0.49
793.576	-0.48
793.828	18.13
794.079	-8.32
794.331	-1.04
794.583	0.38
794.835	0.5
795.086	0.47
795.338	0.54
795.59	0.56
795.841	0.56
796.093	-0.45
796.345	18.13
796.596	-8.26
796.848	-0.96
797.1	0.44
797.351	0.53
797.603	0.52
797.855	0.58
798.106	0.51
798.358	0.49
798.609	-0.52
798.861	18.14
799.113	-8.25
799.364	-1
799.616	0.45
799.867	0.56
800.119	0.6
800.37	0.63
800.622	0.59
800.873	0.6
801.125	-0.41
801.376	18.14
801.628	-8.3
801.879	-1.01
802.131	0.32
802.382	0.32
802.634	0.29
802.885	0.29
803.137	0.28
803.388	0.31
803.639	-0.66
803.891	17.97
804.142	-8.4
804.394	-1.12
804.645	0.2
804.896	0.29
805.148	0.33
805.399	0.41
805.65	0.35
805.902	0.39
806.153	-0.64
806.404	17.98
806.656	-8.4
806.907	-1.14
807.158	0.22
807.409	0.4
807.661	0.45
807.912	0.47
808.163	0.4
808.414	0.45
808.666	-0.59
808.917	17.99
809.168	-8.5
809.419	-1.3
809.67	0.18
809.922	0.27
810.173	0.23
810.424	0.28
810.675	0.34
810.926	0.39
811.177	-0.62
811.428	17.98
811.68	-8.43
811.931	-1.14
812.182	0.28
812.433	0.29
812.684	0.34
812.935	0.4
813.186	0.4
813.437	0.35
813.688	-0.7
813.939	17.89
814.19	-8.52
814.441	-1.2
814.692	0.21
814.943	0.35
815.194	0.35
815.445	0.34
815.696	0.28
815.947	0.3
816.198	-0.65
816.449	17.98
816.7	-8.4
816.951	-1.15
817.202	0.25
817.453	0.33
817.704	0.35
817.954	0.41
818.205	0.37
818.456	0.35
818.707	-0.68
818.958	17.91
819.209	-8.46
819.46	-1.1
819.71	0.34
819.961	0.47
820.212	0.45
820.463	0.37
820.714	0.33
820.964	0.36
821.215	-0.59
821.466	18.02
821.717	-8.44
821.967	-1.15
822.218	0.15
822.469	0.23
822.72	0.18
822.97	0.31
823.221	0.35
823.472	0.37
823.722	-0.58
823.973	18
824.224	-8.39
824.474	-1.06
824.725	0.34
824.975	0.46
825.226	0.5
825.477	0.56
825.727	0.46
825.978	0.48
826.229	-0.49
826.479	18.08
826.73	-8.38
826.98	-1.16
827.231	0.21
827.481	0.3
827.732	0.29
827.982	0.28
828.233	0.26
828.483	0.25
828.734	-0.75
828.984	17.81
829.235	-8.57
829.485	-1.21
829.736	0.25
829.986	0.4
830.237	0.37
830.487	0.37
830.737	0.34
830.988	0.36
831.238	-0.6
831.489	18.01
831.739	-8.37
831.989	-1.07
832.24	0.33
832.49	0.42
832.74	0.45
832.991	0.48
833.241	0.52
833.491	0.56
833.742	-0.48
833.992	18.12
834.242	-8.29
834.493	-1.01
834.743	0.32
834.993	0.35
835.243	0.36
835.494	0.33
835.744	0.31
835.994	0.32
836.244	-0.67
836.494	17.97
836.745	-8.39
836.995	-1.11
837.245	0.28
837.495	0.41
837.745	0.4
837.996	0.41
838.246	0.36
838.496	0.37
838.746	-0.61
838.996	17.96
839.246	-8.48
839.496	-1.23
839.746	0.17
839.996	0.25
840.246	0.2
840.497	0.27
840.747	0.29
840.997	0.35
841.247	-0.64
841.497	17.96
841.747	-8.48
841.997	-1.24
842.247	0.17
842.497	0.28
842.747	0.35
842.997	0.37
843.247	0.35
843.496	0.35
843.746	-0.67
843.996	17.88
844.246	-8.56
844.496	-1.27
844.746	0.19
844.996	0.26
845.246	0.3
845.496	0.3
845.746	0.3
845.995	0.35
846.245	-0.65
846.495	17.95
846.745	-8.43
846.995	-1.16
847.245	0.21
847.494	0.27
847.744	0.26
847.994	0.27
848.244	0.26
848.493	0.25
848.743	-0.79
848.993	17.81
849.243	-8.58
849.492	-1.29
849.742	0.15
849.992	0.34
850.242	0.35
850.491	0.41
850.741	0.38
850.991	0.41
851.24	-0.49
851.49	18.12
851.74	-8.31
851.989	-1.08
852.239	0.32
852.488	0.44
852.738	0.41
852.988	0.48
853.237	0.45
853.487	0.46
853.736	-0.54
853.986	18.05
854.235	-8.38
854.485	-1.12
854.735	0.27
854.984	0.39
855.234	0.36
855.483	0.41
855.733	0.35
855.982	0.35
856.232	-0.68
856.481	17.87
856.73	-8.59
856.98	-1.28
857.229	0.16
857.479	0.3
857.728	0.26
857.978	0.28
858.227	0.26
858.476	0.29
858.726	-0.72
858.975	17.91
859.225	-8.46
859.474	-1.15
859.723	0.25
859.973	0.41
860.222	0.4
860.471	0.43
860.721	0.39
860.97	0.39
861.219	-0.59
861.468	18.06
861.718	-8.35
861.967	-1.17
862.216	0.23
862.465	0.36
862.715	0.28
862.964	0.34
863.213	0.32
863.462	0.33
863.712	-0.62
863.961	17.98
864.21	-8.45
864.459	-1.18
864.708	0.32
864.957	0.38
865.207	0.34
865.456	0.41
865.705	0.38
865.954	0.39
866.203	-0.59
866.452	17.91
866.701	-8.53
866.95	-1.24
867.199	0.15
867.448	0.21
867.698	0.26
867.947	0.29
868.196	0.28
868.445	0.26
868.694	-0.68
868.943	17.95
869.192	-8.36
869.441	-1.1
869.69	0.34
869.939	0.46
870.188	0.46
870.436	0.51
870.685	0.45
870.934	0.45
871.183	-0.46
871.432	18.1
871.681	-8.34
871.93	-1.07
872.179	0.37
872.428	0.46
872.677	0.49
872.925	0.6
873.174	0.51
873.423	0.64
873.672	-0.35
873.921	18.18
874.17	-8.19
874.418	-0.93
874.667	0.46
874.916	0.59
875.165	0.57
875.413	0.59
875.662	0.55
875.911	0.59
876.16	-0.42
876.408	18.2
876.657	-8.19
876.906	-0.96
877.155	0.43
877.403	0.52
877.652	0.51
877.901	0.55
878.149	0.49
878.398	0.44
878.647	-0.53
878.895	18.04
879.144	-8.43
879.392	-1.18
879.641	0.3
879.89	0.46
880.138	0.46
880.387	0.44
880.635	0.38
880.884	0.49
881.132	-0.47
881.381	18.13
881.63	-8.25
881.878	-0.89
882.127	0.58
882.375	0.61
882.624	0.61
882.872	0.63
883.121	0.66
883.369	0.72
883.617	-0.3
883.866	18.29
884.114	-8.18
884.363	-0.93
884.611	0.42
884.86	0.49
885.108	0.49
885.356	0.5
885.605	0.55
885.853	0.55
886.102	-0.46
886.35	18.09
886.598	-8.33
886.847	-1.01
887.095	0.36
887.343	0.48
887.592	0.5
887.84	0.54
888.088	0.57
888.336	0.56
888.585	-0.46
888.833	18.14
889.081	-8.26
889.329	-0.92
889.578	0.5
889.826	0.64
890.074	0.66
890.322	0.7
890.571	0.69
890.819	0.66
891.067	-0.36
891.315	18.25
891.563	-8.13
891.811	-0.88
892.06	0.51
892.308	0.63
892.556	0.64
892.804	0.66
893.052	0.65
893.3	0.71
893.548	-0.22
893.796	18.39
894.044	-7.98
894.292	-0.71
894.54	0.77
894.788	0.91
895.036	0.9
895.284	0.93
895.533	0.89
895.781	0.88
896.028	-0.15
896.276	18.42
896.524	-8
896.772	-0.74
897.02	0.69
897.268	0.78
897.516	0.79
897.764	0.88
898.012	0.88
898.26	0.92
898.508	-0.07
898.756	18.55
899.004	-7.84
899.252	-0.54
899.499	0.86
899.747	0.99
899.995	0.97
900.243	0.97
900.491	0.94
900.739	0.97
900.986	0.04
901.234	18.66
901.482	-7.74
901.73	-0.45
901.978	0.94
902.225	1.14
902.473	1.18
902.721	1.24
902.968	1.24
903.216	1.28
903.464	0.32
903.712	18.94
903.959	-7.35
904.207	0.01
904.455	1.47
904.702	1.71
904.95	1.76
905.198	1.79
905.445	1.85
905.693	1.98
905.941	1.11
906.188	19.89
906.436	-6.27
906.683	1.29
906.931	3.14
907.178	3.76
907.426	4.35
907.674	4.82
907.921	5.17
908.169	5.53
908.416	4.93
908.664	23.9
908.911	-2.06
909.159	5.83
909.406	8.87
909.654	13.67
909.901	31.38
910.149	72.79
910.396	155.46
910.644	272.07
910.891	431.4
911.138	646.88
911.386	857.64
911.633	1132.07
911.881	1449.17
912.128	1810.5
912.375	2226.13
912.623	2682.46
912.87	3167.9
913.117	3659.67
913.365	4157.39
913.612	4658.35
913.859	5104.54
914.107	5565.31
914.354	6013.33
914.601	6412.63
914.849	6777.04
915.096	7087.32
915.343	7344.69
915.59	7544.68
915.838	7694.49
916.085	7818.44
916.332	7857.14
916.579	7898.59
916.827	7902.42
917.074	7865.12
917.321	7825.21
917.568	7755.7
917.815	7659.7
918.062	7554.96
918.31	7441.62
918.557	7333.32
918.804	7163.68
919.051	7017.71
919.298	6861.18
919.545	6698.05
919.792	6539.67
920.039	6358.01
920.286	6172.3
920.534	5977.62
920.781	5763.24
921.028	5553.78
921.275	5282.18
921.522	5018.16
921.769	4722.58
922.016	4379.54
922.263	4002.3
922.51	3581.77
922.757	3144.95
923.004	2697.36
923.251	2265.6
923.498	1874.69
923.745	1463.66
923.992	1119.08
924.238	815.4
924.485	558.8
924.732	356.74
924.979	204.59
925.226	107.25
925.473	50.64
925.72	25.53
925.967	35.15
926.214	4.96
926.46	10.34
926.707	10.37
926.954	9.51
927.201	8.63
927.448	8.05
927.694	7.42
927.941	7.02
928.188	5.48
928.435	23.62
928.682	-3.3
928.928	3.63
929.175	4.66
929.422	4.52
929.668	4.18
929.915	3.96
930.162	3.69
930.409	3.56
930.655	2.36
930.902	20.9
931.149	-5.65
931.395	1.52
931.642	2.83
931.889	2.91
932.135	2.73
932.382	2.68
932.628	2.54
932.875	2.52
933.122	1.35
933.368	19.86
933.615	-6.66
933.861	0.56
934.108	1.92
934.354	2.01
934.601	1.87
934.847	1.87
935.094	1.78
935.34	1.78
935.587	0.75
935.833	19.42
936.08	-7.04
936.326	0.2
936.573	1.59
936.819	1.72
937.066	1.6
937.312	1.59
937.559	1.59
937.805	1.61
938.051	0.62
938.298	19.18
938.544	-7.33
938.791	0.02
939.037	1.42
939.283	1.52
939.53	1.45
939.776	1.52
940.022	1.5
940.269	1.51
940.515	0.48
940.761	19.02
941.007	-7.46
941.254	-0.23
941.5	1.08
941.746	1.16
941.993	1.12
942.239	1.08
942.485	0.98
942.731	1.02
942.977	0.04
943.224	18.67
943.47	-7.74
943.716	-0.45
943.962	0.98
944.208	1.11
944.455	1.12
944.701	1.15
944.947	1.17
945.193	1.22
945.439	0.22
945.685	18.81
945.931	-7.62
946.177	-0.36
946.423	1.04
946.67	1.13
946.916	1.13
947.162	1.13
947.408	1.11
947.654	1.14
947.9	0.16
948.146	18.76
948.392	-7.74
948.638	-0.51
948.884	0.87
949.13	0.96
949.376	0.94
949.622	0.96
949.868	0.9
950.114	0.9
950.359	-0.1
950.605	18.46
950.851	-7.96
951.097	-0.59
951.343	0.83
951.589	0.99
951.835	0.97
952.081	1.07
952.327	1.05
952.572	1.1
952.818	0.19
953.064	18.83
953.31	-7.59
953.556	-0.38
953.802	0.98
954.047	1.11
954.293	1.09
954.539	1.2
954.785	1.16
955.03	1.12
955.276	0.06
955.522	18.59
955.768	-7.93
956.013	-0.64
956.259	0.76
956.505	0.92
956.75	0.93
956.996	1
957.242	0.91
957.487	0.92
957.733	-0.07
957.979	18.55
958.224	-7.87
958.47	-0.47
958.716	0.94
958.961	1.11
959.207	1.05
959.452	1.01
959.698	0.98
959.943	1.02
960.189	0.01
960.435	18.69
960.68	-7.74
960.926	-0.45
961.171	0.86
961.417	0.98
961.662	0.96
961.908	0.96
962.153	0.98
962.399	0.96
962.644	-0.01
962.89	18.6
963.135	-7.86
963.38	-0.49
963.626	0.89
963.871	1.02
964.117	1.02
964.362	1.06
964.607	1.06
964.853	1.07
965.098	0.09
965.344	18.61
965.589	-7.83
965.834	-0.54
966.08	0.82
966.325	0.97
966.57	0.98
966.815	1.04
967.061	1.02
967.306	1.02
967.551	0.92
967.797	1.86
968.042	-15.71
968.287	-6.87
968.532	-5.35
968.777	-5.24
969.023	-5.28
969.268	-5.26
969.513	-5.32
969.758	-5.32
970.003	-5.31
970.249	-5.2
970.494	-5.12
970.739	-5.12
970.984	-5.16
971.229	-5.19
971.474	-5.19
971.719	-5.1
971.965	-5.12
972.21	-5.09
972.455	-5.11
972.7	-5.11
972.945	-5.17
973.19	-5.17
973.435	-5.18
973.68	-5.13
973.925	-5.11
974.17	-5.15
974.415	-5.26
974.66	-5.25
974.905	-5.29
975.15	-5.26
975.395	-5.29
975.64	-5.29
975.885	-5.28
976.13	-5.24
976.375	-5.28
976.62	-5.28
976.865	-5.25
977.109	-5.19
977.354	-5.15
977.599	-5.1
977.844	-5.07
978.089	-5.06
978.334	-5.03
978.579	-5.07
978.824	-5.12
979.068	-5.12
979.313	-5.16
979.558	-5.15
979.803	-5.18
980.048	-5.19
980.292	-5.18
980.537	-5.18
980.782	-5.17
981.027	-5.12
981.271	-5.17
981.516	-5.13
981.761	-5.13
982.006	-5.05
982.25	-5.04
982.495	-5.05
982.74	-5.08
982.984	-5.12
983.229	-5.13
983.474	-5.11
983.718	-5.15
983.963	-5.09
984.208	-5.09
984.452	-5.06
984.697	-5.12
984.941	-5.1
985.186	-5.06
985.431	-5.05
985.675	-5.06
985.92	-5.05
986.164	-5.08
986.409	-5.1
986.653	-5.14
986.898	-5.08
987.142	-5.13
987.387	-5.11
987.631	-5.16
987.876	-5.18
988.12	-5.18
988.365	-5.13
988.609	-5.08
988.854	-5.08
989.098	-5.06
989.343	-5.02
989.587	-5.07
989.831	-4.99
990.076	-4.98
990.32	-4.98
990.565	-4.96
990.809	-4.96
991.053	-5.04
991.298	-5.15
991.542	-5.15
991.786	-5.14
992.031	-5.2
992.275	-5.2
992.519	-5.27
992.764	-5.2
993.008	-5.21
993.252	-5.17
993.496	-5.18
993.741	-5.12
993.985	-5.1
994.229	-5.11
994.473	-5.15
994.718	-5.07
994.962	-5.06
995.206	-5.04
995.45	-5.07
995.694	-5.01
995.939	-5.09
996.183	-5.1
996.427	-5.14
996.671	-5.1
996.915	-5.12
997.159	-5.09
997.403	-5.15
997.647	-5.2
997.892	-5.23
998.136	-5.24
998.38	-5.28
998.624	-5.21
998.868	-5.17
999.112	-5.07
999.356	-5.04
999.6	-4.98
999.844	-4.92
1000.088	-4.9
1000.332	-4.91
1000.576	-4.86
1000.82	-4.9
1001.064	-4.89
1001.308	-4.94
1001.552	-4.95
1001.796	-5.04
1002.04	-5.04
1002.284	-5.06
1002.528	-5.03
1002.771	-5
1003.015	-4.88
1003.259	-4.92
1003.503	-4.9
1003.747	-4.88
1003.991	-4.84
1004.235	-4.85
1004.479	-4.81
1004.722	-4.88
1004.966	-4.89
1005.21	-5
1005.454	-4.99
1005.698	-5.01
1005.941	-5
1006.185	-4.99
1006.429	-5.01
1006.673	-5.06
1006.916	-4.99
1007.16	-5.01
1007.404	-5
1007.648	-5.03
1007.891	-4.96
1008.135	-4.96
1008.379	-4.96
1008.622	-4.94
1008.866	-4.93
1009.11	-4.98
1009.353	-4.94
1009.597	-5.04
1009.841	-4.96
1010.084	-4.9
1010.328	-4.9
1010.571	-4.92
1010.815	-4.92
1011.059	-4.92
1011.302	-4.94
1011.546	-4.92
1011.789	-4.87
1012.033	-4.92
1012.276	-4.89
1012.52	-4.95
1012.763	-4.96
1013.007	-4.94
1013.25	-4.93
1013.494	-4.96
1013.737	-4.93
1013.981	-4.86
1014.224	-4.91
1014.468	-4.92
1014.711	-4.86
1014.955	-4.85
1015.198	-4.81
1015.441	-4.86
1015.685	-4.81
1015.928	-4.84
1016.172	-4.79
1016.415	-4.8
1016.658	-4.83
1016.902	-4.79
1017.145	-4.78
1017.388	-4.79
1017.632	-4.78
1017.875	-4.81
1018.118	-4.78
1018.362	-4.8
1018.605	-4.76
1018.848	-4.79
1019.091	-4.81
1019.335	-4.84
1019.578	-4.84
1019.821	-4.84
1020.064	-4.82
1020.308	-4.78
1020.551	-4.79
1020.794	-4.82
1021.037	-4.83
1021.28	-4.9
1021.524	-4.86
1021.767	-4.91
1022.01	-4.91
1022.253	-4.92
1022.496	-4.9
1022.739	-4.97
1022.982	-5.02
1023.226	-4.98
1023.469	-4.92
1023.712	-4.95
1023.955	-4.9
1024.198	-4.94
1024.441	-4.88
1024.684	-4.88
1024.927	-4.86
1025.17	-4.87
1025.413	-4.77
1025.656	-4.77
1025.899	-4.76
1026.142	-4.81
1026.385	-4.83
1026.628	-4.88
1026.871	-4.85
1027.114	-4.9
1027.357	-4.92
1027.6	-4.96
1027.843	-5
1028.086	-5.06
1028.329	-5.01
1028.571	-5.06
1028.814	-5.03
1029.057	-5.01
1029.3	-4.95
1029.543	-4.98
1029.786	-4.97
1030.029	-4.99
1030.271	-4.92
1030.514	-4.88
1030.757	-4.85
1031	-4.92
1031.243	-4.9
1031.485	-4.96
1031.728	-4.93
1031.971	-4.92
1032.214	-4.91
1032.456	-4.96
1032.699	-4.88
1032.942	-4.93
1033.185	-4.9
1033.427	-4.96
1033.67	-4.98
1033.913	-5.03
1034.155	-4.98
1034.398	-4.98
1034.641	-4.97
1034.883	-4.97
1035.126	-4.93
1035.369	-4.98
1035.611	-4.96
1035.854	-5.03
1036.096	-4.94
1036.339	-4.92
1036.582	-4.85
1036.824	-4.92
1037.067	-4.91
1037.309	-4.96
1037.552	-4.93
1037.794	-4.94
1038.037	-4.91
1038.279	-4.94
1038.522	-4.9
1038.764	-4.96
1039.007	-4.95
1039.249	-5
1039.492	-4.91
1039.734	-4.88
1039.977	-4.86
1040.219	-4.88
1040.462	-4.89
1040.704	-4.96
1040.946	-4.97
1041.189	-5
1041.431	-5.01
1041.674	-5
1041.916	-4.97
1042.158	-4.99
1042.401	-5.08
1042.643	-5.15
1042.885	-5.14
1043.128	-5.2
1043.37	-5.1
1043.612	-5.08
1043.855	-5.08
1044.097	-5.08
1044.339	-5.09
1044.581	-5.13
1044.824	-5.08
1045.066	-5.12
1045.308	-5.1
1045.55	-5.14
1045.793	-5.11
1046.035	-5.18
1046.277	-5.21
1046.519	-5.2
1046.761	-5.17
1047.003	-5.13
1047.246	-5.09
1047.488	-5.15
1047.73	-5.13
1047.972	-5.12
1048.214	-5.08
1048.456	-5.05
1048.698	-4.98
1048.94	-4.98
1049.183	-4.97
1049.425	-5
1049.667	-5.07
1049.909	-5.1
1050.151	-5.06
1050.393	-5.02
1050.635	-5.02
1050.877	-5.02
1051.119	-5.01
1051.361	-5.12
1051.603	-5.07
1051.845	-5.1
1052.087	-5.05
1052.329	-5.06
1052.571	-5.03
1052.813	-5.05
1053.054	-5.02
1053.296	-4.96
1053.538	-4.95
1053.78	-4.97
1054.022	-4.91
1054.264	-4.98
1054.506	-4.97
1054.748	-5.04
1054.99	-4.98
1055.231	-5.01
1055.473	-5.03
1055.715	-5.09
1055.957	-5.08
1056.199	-5.13
1056.44	-5.11
1056.682	-5.11
1056.924	-5.09
1057.166	-5.1
1057.408	-5.04
1057.649	-5.06
1057.891	-5.05
1058.133	-5.07
1058.374	-5
1058.616	-5.06
1058.858	-5.07
1059.1	-5.11
1059.341	-5.12
1059.583	-5.19
1059.825	-5.16
1060.066	-5.18
1060.308	-5.2
1060.549	-5.29
1060.791	-5.3
1061.033	-5.35
1061.274	-5.39
1061.516	-5.42
1061.757	-5.43
1061.999	-5.47
1062.241	-5.46
1062.482	-5.5
1062.724	-5.53
1062.965	-5.59
1063.207	-5.57
1063.448	-5.59
1063.69	-5.57
1063.931	-5.56
1064.173	-5.56
1064.414	-5.55
1064.656	-5.52
1064.897	-5.54
1065.139	-5.52
1065.38	-5.5
1065.621	-5.45
1065.863	-5.43
1066.104	-5.38
1066.346	-5.37
1066.587	-5.3
1066.828	-5.27
1067.07	-5.26
1067.311	-5.23
1067.552	-5.18
1067.794	-5.18
1068.035	-5.14
1068.276	-5.13
1068.518	-5.08
1068.759	-5.13
1069	-5.16
1069.242	-5.23
1069.483	-5.2
1069.724	-5.23
1069.965	-5.23
1070.207	-5.26
1070.448	-5.24
1070.689	-5.27
1070.93	-5.3
1071.172	-5.33
1071.413	-5.27
1071.654	-5.27
1071.895	-5.26
1072.136	-5.34
1072.377	-5.3
1072.619	-5.36
1072.86	-5.32
1073.101	-5.35
1073.342	-5.31
1073.583	-5.32
1073.824	-5.34
1074.065	-5.35
1074.306	-5.37
1074.547	-5.46
1074.788	-5.42
1075.029	-5.43
1075.271	-5.39
1075.512	-5.48
1075.753	-5.49
1075.994	-5.58
1076.235	-5.57
1076.476	-5.6
1076.717	-5.63
1076.958	-5.67
1077.199	-5.63
1077.439	-5.68
1077.68	-5.74
1077.921	-5.76
1078.162	-5.71
1078.403	-5.66
1078.644	-5.58
1078.885	-5.57
1079.126	-5.5
1079.367	-5.49
1079.608	-5.41
1079.848	-5.36
1080.089	-5.36
1080.33	-5.37
1080.571	-5.36
1080.812	-5.36
1081.053	-5.44
1081.293	-5.53
1081.534	-5.51
1081.775	-5.54
1082.016	-5.62
1082.257	-5.65
1082.497	-5.66
1082.738	-5.67
1082.979	-5.59
1083.219	-5.6
1083.46	-5.61
1083.701	-5.57
1083.942	-5.47
1084.182	-5.51
1084.423	-5.54
1084.664	-5.51
1084.904	-5.53
1085.145	-5.55
1085.386	-5.53
1085.626	-5.58
1085.867	-5.6
1086.107	-5.64
1086.348	-5.64
1086.589	-5.75
1086.829	-5.8
1087.07	-5.83
1087.31	-5.82
1087.551	-5.8
1087.791	-5.71
1088.032	-5.74
1088.272	-5.73
1088.513	-5.67
1088.753	-5.63
1088.994	-5.67
1089.234	-5.67
1089.475	-5.67
1089.715	-5.65
1089.956	-5.65
1090.196	-5.62
1090.437	-5.71
1090.677	-5.68
1090.917	-5.79
1091.158	-5.91
1091.398	-5.93
1091.639	-5.91
1091.879	-5.89
1092.119	-5.84
1092.36	-5.82
1092.6	-5.84
1092.84	-5.86
1093.081	-5.82
1093.321	-5.83
1093.561	-5.75
1093.802	-5.74
1094.042	-5.72
1094.282	-5.69
1094.522	-5.71
1094.763	-5.73
1095.003	-5.73
1095.243	-5.74
1095.483	-5.77
1095.724	-5.78
1095.964	-5.73
1096.204	-5.79
1096.444	-5.69
1096.684	-5.71
1096.925	-5.76
1097.165	-5.77
1097.405	-5.76
1097.645	-5.8
1097.885	-5.77
1098.125	-5.8
1098.365	-5.82
1098.605	-5.85
1098.846	-5.83
1099.086	-5.92
1099.326	-5.9
1099.566	-5.87
1099.806	-5.79
1100.046	-5.84
1100.286	-5.78
1100.526	-5.85
1100.766	-5.87
1101.006	-5.88
1101.246	-5.92
1101.486	-5.95
1101.726	-5.94
1101.966	-6.01
1102.206	-6.01
1102.446	-6.09
1102.686	-6.1
1102.926	-6.19
1103.166	-6.14
1103.405	-6.11
1103.645	-6.11
1103.885	-6.1
1104.125	-6.05
1104.365	-6.01
1104.605	-5.95
1104.845	-5.98
1105.085	-6
1105.324	-5.94
1105.564	-5.86
1105.804	-5.9
1106.044	-5.88
1106.284	-5.9
1106.523	-5.87
1106.763	-5.91
1107.003	-5.97
1107.243	-6.01
1107.482	-6
1107.722	-6
1107.962	-6.04
1108.202	-6.1
1108.441	-6.08
1108.681	-6.11
1108.921	-6.1
1109.16	-6.16
1109.4	-6.14
1109.64	-6.11
1109.879	-6.07
1110.119	-6.04
1110.359	-6
1110.598	-5.96
1110.838	-5.94
1111.077	-5.94
1111.317	-5.96
1111.557	-5.97
1111.796	-5.92
1112.036	-5.92
1112.275	-5.95
1112.515	-5.98
1112.754	-6.05
1112.994	-6.14
1113.233	-6.13
1113.473	-6.12
1113.712	-6.1
1113.952	-6.06
1114.191	-6.05
1114.431	-6.09
1114.67	-6.08
1114.91	-6.07
1115.149	-6.14
1115.389	-6.09
1115.628	-5.97
1115.867	-6.04
1116.107	-6.08
1116.346	-6.11
1116.585	-6.16
1116.825	-6.24
1117.064	-6.22
1117.304	-6.21
1117.543	-6.2
1117.782	-6.14
1118.021	-6.11
1118.261	-6.21
1118.5	-6.27
1118.739	-6.28
1118.979	-6.28
1119.218	-6.31
1119.457	-6.25
1119.696	-6.25
1119.936	-6.25
1120.175	-6.26
1120.414	-6.27
1120.653	-6.38
1120.893	-6.39
1121.132	-6.33
1121.371	-6.28
1121.61	-6.33
1121.849	-6.3
1122.088	-6.35
1122.328	-6.39
1122.567	-6.49
1122.806	-6.51
1123.045	-6.53
1123.284	-6.45
1123.523	-6.42
1123.762	-6.4
1124.001	-6.5
1124.24	-6.46
1124.479	-6.49
1124.718	-6.47
1124.957	-6.48
1125.196	-6.42
1125.435	-6.41
1125.674	-6.4
1125.913	-6.44
1126.152	-6.42
1126.391	-6.5
1126.63	-6.48
1126.869	-6.49
1127.108	-6.46
1127.347	-6.46
1127.586	-6.47
1127.825	-6.48
