Data from HR4C45961_13-17-01-174.txt Node
195.373	-318.92
195.645	-274.11
195.916	-240.5
196.187	-214.36
196.459	-193.4
196.73	-177.32
197.002	-102.84
197.273	-55.87
197.544	-1.15
197.816	0.74
198.087	0.96
198.358	0.99
198.63	0.96
198.901	1.04
199.172	1.07
199.444	0.07
199.715	19.3
199.986	-8.18
200.257	-0.4
200.529	1.16
200.8	1.41
201.071	1.48
201.343	1.6
201.614	1.75
201.885	1.81
202.156	0.89
202.427	20.23
202.699	-7.17
202.97	0.68
203.241	2.27
203.512	2.49
203.783	2.61
204.055	2.8
204.326	2.82
204.597	2.98
204.868	2.06
205.139	21.32
205.41	-6.18
205.681	1.64
205.952	3.21
206.224	3.41
206.495	3.4
206.766	3.45
207.037	3.48
207.308	3.64
207.579	2.61
207.85	21.82
208.121	-5.6
208.392	2.2
208.663	3.71
208.934	3.88
209.205	3.93
209.476	4.05
209.747	4.09
210.018	4.1
210.289	3.07
210.56	22.26
210.831	-5.21
211.102	2.56
211.373	4.11
211.644	4.35
211.915	4.34
212.186	4.43
212.457	4.49
212.728	4.54
212.999	3.53
213.269	22.79
213.54	-4.58
213.811	3.18
214.082	4.66
214.353	4.78
214.624	4.73
214.895	4.84
215.165	4.8
215.436	4.81
215.707	3.79
215.978	22.99
216.249	-4.52
216.52	3.23
216.79	4.75
217.061	4.94
217.332	4.94
217.603	5.02
217.873	5.04
218.144	5.11
218.415	4.06
218.686	23.18
218.956	-4.29
219.227	3.4
219.498	4.83
219.768	4.98
220.039	4.97
220.31	5.05
220.58	5.05
220.851	5.05
221.122	3.98
221.392	23.14
221.663	-4.26
221.934	3.46
222.204	4.97
222.475	5.14
222.746	5.15
223.016	5.14
223.287	5.12
223.557	5.13
223.828	4.06
224.098	23.23
224.369	-4.22
224.64	3.52
224.91	5.04
225.181	5.17
225.451	5.14
225.722	5.12
225.992	5.16
226.263	5.18
226.533	4.09
226.804	23.29
227.074	-4.15
227.345	3.62
227.615	5.1
227.886	5.28
228.156	5.26
228.426	5.33
228.697	5.36
228.967	5.39
229.238	4.35
229.508	23.51
229.779	-3.95
230.049	3.75
230.319	5.16
230.59	5.27
230.86	5.24
231.13	5.29
231.401	5.28
231.671	5.26
231.941	4.17
232.212	23.29
232.482	-4.08
232.752	3.63
233.023	5.14
233.293	5.35
233.563	5.39
233.834	5.42
234.104	5.37
234.374	5.4
234.644	4.32
234.915	23.51
235.185	-3.88
235.455	3.79
235.725	5.25
235.995	5.37
236.266	5.33
236.536	5.22
236.806	5.13
237.076	5.13
237.346	4.01
237.616	23.21
237.887	-4.25
238.157	3.4
238.427	4.91
238.697	5.01
238.967	5.04
239.237	5.02
239.507	5.06
239.777	5.06
240.048	3.96
240.318	23.11
240.588	-4.33
240.858	3.39
241.128	4.87
241.398	4.95
241.668	4.95
241.938	4.9
242.208	4.87
242.478	4.81
242.748	3.76
243.018	22.98
243.288	-4.46
243.558	3.22
243.828	4.61
244.098	4.64
244.368	4.6
244.638	4.59
244.908	4.6
245.178	4.64
245.448	3.63
245.718	22.68
245.987	-4.86
246.257	2.82
246.527	4.21
246.797	4.32
247.067	4.37
247.337	4.36
247.607	4.31
247.877	4.25
248.146	3.19
248.416	22.29
248.686	-5.03
248.956	2.77
249.226	4.22
249.496	4.37
249.765	4.4
250.035	4.41
250.305	4.35
250.575	4.3
250.844	3.26
251.114	22.29
251.384	-5.11
251.654	2.54
251.923	3.95
252.193	4.06
252.463	4
252.732	3.95
253.002	3.89
253.272	3.87
253.542	2.82
253.811	21.9
254.081	-5.5
254.351	2.15
254.62	3.56
254.89	3.67
255.159	3.61
255.429	3.58
255.699	3.54
255.968	3.5
256.238	2.46
256.507	21.58
256.777	-5.86
257.047	1.76
257.316	3.17
257.586	3.29
257.855	3.25
258.125	3.26
258.394	3.24
258.664	3.26
258.933	2.17
259.203	21.32
259.472	-6.12
259.742	1.56
260.011	3.06
260.281	3.12
260.55	3.08
260.82	3.05
261.089	2.95
261.359	2.9
261.628	1.82
261.898	20.96
262.167	-6.53
262.436	1.13
262.706	2.53
262.975	2.58
263.245	2.59
263.514	2.6
263.783	2.51
264.053	2.51
264.322	1.48
264.591	20.55
264.861	-6.83
265.13	0.8
265.399	2.14
265.669	2.23
265.938	2.19
266.207	2.2
266.477	2.14
266.746	2.18
267.015	1.11
267.284	20.16
267.554	-7.24
267.823	0.44
268.092	1.92
268.361	2.12
268.631	2.1
268.9	2.08
269.169	1.95
269.438	1.95
269.707	0.84
269.977	19.93
270.246	-7.47
270.515	0.13
270.784	1.47
271.053	1.53
271.322	1.47
271.591	1.47
271.861	1.48
272.13	1.52
272.399	0.49
272.668	19.56
272.937	-7.86
273.206	-0.2
273.475	1.27
273.744	1.37
274.013	1.38
274.282	1.35
274.551	1.24
274.82	1.16
275.089	0.05
275.358	19.07
275.627	-8.33
275.896	-0.68
276.165	0.8
276.434	0.9
276.703	0.91
276.972	0.9
277.241	0.88
277.51	0.93
277.779	-0.11
278.048	18.92
278.317	-8.51
278.586	-0.89
278.855	0.56
279.124	0.63
279.393	0.54
279.662	0.49
279.93	0.41
280.199	0.33
280.468	-0.73
280.737	18.38
281.006	-8.94
281.275	-1.24
281.544	0.28
281.812	0.38
282.081	0.33
282.35	0.39
282.619	0.37
282.888	0.39
283.156	-0.61
283.425	18.44
283.694	-8.91
283.963	-1.28
284.231	0.15
284.5	0.19
284.769	0.17
285.038	0.15
285.306	0.04
285.575	0.03
285.844	-1.13
286.112	17.98
286.381	-9.38
286.65	-1.74
286.918	-0.28
287.187	-0.21
287.456	-0.23
287.724	-0.28
287.993	-0.32
288.262	-0.3
288.53	-1.32
288.799	17.82
289.067	-9.58
289.336	-1.89
289.604	-0.44
289.873	-0.34
290.142	-0.38
290.41	-0.36
290.679	-0.37
290.947	-0.34
291.216	-1.44
291.484	17.59
291.753	-9.77
292.021	-2.12
292.29	-0.75
292.558	-0.64
292.827	-0.66
293.095	-0.59
293.364	-0.65
293.632	-0.64
293.901	-1.72
294.169	17.41
294.438	-9.9
294.706	-2.24
294.974	-0.81
295.243	-0.65
295.511	-0.72
295.78	-0.71
296.048	-0.79
296.316	-0.8
296.585	-1.86
296.853	17.22
297.121	-10.13
297.39	-2.52
297.658	-1.05
297.926	-0.94
298.195	-0.92
298.463	-0.9
298.731	-0.99
299	-1.01
299.268	-2.07
299.536	16.99
299.804	-10.33
300.073	-2.73
300.341	-1.35
300.609	-1.28
300.877	-1.34
301.146	-1.39
301.414	-1.41
301.682	-1.33
301.95	-2.35
302.218	16.71
302.487	-10.6
302.755	-3
303.023	-1.54
303.291	-1.32
303.559	-1.31
303.827	-1.26
304.096	-1.28
304.364	-1.3
304.632	-2.34
304.9	16.77
305.168	-10.51
305.436	-2.85
305.704	-1.34
305.972	-1.16
306.24	-1.17
306.508	-1.18
306.776	-1.2
307.045	-1.25
307.313	-2.24
307.581	16.76
307.849	-10.55
308.117	-2.92
308.385	-1.51
308.653	-1.34
308.921	-1.35
309.189	-1.36
309.457	-1.36
309.724	-1.31
309.992	-2.25
310.26	16.8
310.528	-10.51
310.796	-2.9
311.064	-1.41
311.332	-1.23
311.6	-1.27
311.868	-1.25
312.136	-1.3
312.404	-1.3
312.672	-2.37
312.939	16.66
313.207	-10.59
313.475	-2.92
313.743	-1.51
314.011	-1.4
314.279	-1.36
314.546	-1.32
314.814	-1.37
315.082	-1.37
315.35	-2.38
315.618	16.76
315.885	-10.51
316.153	-2.91
316.421	-1.46
316.689	-1.28
316.956	-1.25
317.224	-1.27
317.492	-1.34
317.759	-1.27
318.027	-2.24
318.295	16.76
318.563	-10.55
318.83	-2.93
319.098	-1.44
319.366	-1.23
319.633	-1.21
319.901	-1.17
320.169	-1.19
320.436	-1.11
320.704	-2.2
320.971	16.86
321.239	-10.33
321.507	-2.68
321.774	-1.14
322.042	-0.98
322.309	-0.97
322.577	-0.94
322.844	-0.91
323.112	-0.8
323.38	-1.8
323.647	17.32
323.915	-9.94
324.182	-2.26
324.45	-0.76
324.717	-0.64
324.985	-0.65
325.252	-0.66
325.52	-0.67
325.787	-0.75
326.054	-1.83
326.322	17.18
326.589	-10.11
326.857	-2.44
327.124	-0.96
327.392	-0.81
327.659	-0.8
327.926	-0.79
328.194	-0.77
328.461	-0.67
328.729	-1.64
328.996	17.47
329.263	-9.73
329.531	-2.05
329.798	-0.65
330.065	-0.52
330.333	-0.51
330.6	-0.53
330.867	-0.49
331.135	-0.53
331.402	-1.6
331.669	17.46
331.936	-9.78
332.204	-2.14
332.471	-0.62
332.738	-0.44
333.005	-0.45
333.273	-0.48
333.54	-0.43
333.807	-0.36
334.074	-1.36
334.341	17.7
334.609	-9.52
334.876	-1.91
335.143	-0.48
335.41	-0.4
335.677	-0.32
335.944	-0.21
336.212	-0.2
336.479	-0.2
336.746	-1.23
337.013	17.9
337.28	-9.35
337.547	-1.72
337.814	-0.2
338.081	0.02
338.348	0.07
338.616	0.04
338.883	-0
339.15	0.08
339.417	-0.89
339.684	18.18
339.951	-8.97
340.218	-1.28
340.485	0.22
340.752	0.34
341.019	0.35
341.286	0.38
341.553	0.42
341.82	0.41
342.087	-0.63
342.354	18.42
342.62	-8.76
342.887	-1.22
343.154	0.23
343.421	0.35
343.688	0.4
343.955	0.41
344.222	0.41
344.489	0.45
344.756	-0.55
345.023	18.49
345.289	-8.64
345.556	-0.99
345.823	0.5
346.09	0.67
346.357	0.71
346.624	0.75
346.89	0.76
347.157	0.74
347.424	-0.27
347.691	18.74
347.958	-8.41
348.224	-0.89
348.491	0.57
348.758	0.73
349.025	0.8
349.291	0.88
349.558	0.9
349.825	0.94
350.091	-0.02
350.358	18.99
350.625	-8.08
350.891	-0.51
351.158	0.95
351.425	1.06
351.691	1.08
351.958	1.09
352.225	1.13
352.491	1.12
352.758	0.14
353.025	19.2
353.291	-7.92
353.558	-0.36
353.824	1.19
354.091	1.44
354.358	1.5
354.624	1.54
354.891	1.55
355.157	1.52
355.424	0.52
355.69	19.56
355.957	-7.65
356.223	-0.06
356.49	1.44
356.756	1.59
357.023	1.6
357.289	1.62
357.556	1.6
357.822	1.62
358.089	0.57
358.355	19.64
358.622	-7.55
358.888	0.1
359.154	1.58
359.421	1.69
359.687	1.64
359.954	1.63
360.22	1.65
360.486	1.65
360.753	0.68
361.019	19.76
361.286	-7.43
361.552	0.18
361.818	1.69
362.085	1.89
362.351	1.97
362.617	2.06
362.884	2.09
363.15	2.09
363.416	1.16
363.682	20.11
363.949	-7
364.215	0.62
364.481	2.11
364.747	2.24
365.014	2.21
365.28	2.2
365.546	2.2
365.812	2.2
366.079	1.2
366.345	20.16
366.611	-6.95
366.877	0.59
367.143	2.08
367.409	2.25
367.676	2.28
367.942	2.3
368.208	2.3
368.474	2.23
368.74	1.23
369.006	20.23
369.272	-6.9
369.538	0.72
369.805	2.22
370.071	2.37
370.337	2.35
370.603	2.32
370.869	2.3
371.135	2.32
371.401	1.37
371.667	20.36
371.933	-6.67
372.199	0.9
372.465	2.36
372.731	2.5
372.997	2.46
373.263	2.5
373.529	2.51
373.795	2.55
374.061	1.51
374.327	20.52
374.593	-6.64
374.859	0.86
375.125	2.33
375.39	2.44
375.656	2.46
375.922	2.43
376.188	2.4
376.454	2.38
376.72	1.38
376.986	20.4
377.252	-6.71
377.517	0.95
377.783	2.47
378.049	2.57
378.315	2.54
378.581	2.56
378.847	2.6
379.112	2.71
379.378	1.73
379.644	20.61
379.91	-6.47
380.175	1.11
380.441	2.55
380.707	2.64
380.973	2.69
381.238	2.73
381.504	2.65
381.77	2.67
382.036	1.52
382.301	20.48
382.567	-6.52
382.833	1.03
383.098	2.47
383.364	2.59
383.63	2.59
383.895	2.64
384.161	2.61
384.427	2.61
384.692	1.55
384.958	20.61
385.223	-6.51
385.489	1.02
385.755	2.49
386.02	2.68
386.286	2.7
386.551	2.75
386.817	2.69
387.082	2.68
387.348	1.69
387.613	20.73
387.879	-6.39
388.144	1.2
388.41	2.67
388.675	2.81
388.941	2.77
389.206	2.72
389.472	2.67
389.737	2.69
390.003	1.69
390.268	20.71
390.534	-6.46
390.799	1.06
391.064	2.53
391.33	2.68
391.595	2.59
391.861	2.6
392.126	2.63
392.391	2.66
392.657	1.65
392.922	20.59
393.188	-6.57
393.453	1.01
393.718	2.5
393.984	2.61
394.249	2.59
394.514	2.62
394.779	2.58
395.045	2.58
395.31	1.5
395.575	20.38
395.841	-6.64
396.106	0.94
396.371	2.38
396.636	2.49
396.902	2.49
397.167	2.51
397.432	2.52
397.697	2.47
397.962	1.49
398.228	20.39
398.493	-6.68
398.758	0.79
399.023	2.2
399.288	2.29
399.553	2.26
399.819	2.25
400.084	2.22
400.349	2.19
400.614	1.22
400.879	20.1
401.144	-6.91
401.409	0.63
401.674	2.13
401.939	2.19
402.204	2.18
402.469	2.18
402.734	2.12
403	2.15
403.265	1.14
403.53	20.02
403.795	-7.04
404.06	0.51
404.325	1.95
404.59	2.08
404.855	2.12
405.12	2.13
405.384	2.08
405.649	2.06
405.914	1
406.179	19.86
406.444	-7.16
406.709	0.37
406.974	1.78
407.239	1.92
407.504	1.86
407.769	1.87
408.034	1.86
408.299	1.87
408.563	0.84
408.828	19.75
409.093	-7.29
409.358	0.21
409.623	1.64
409.888	1.73
410.152	1.69
410.417	1.74
410.682	1.72
410.947	1.74
411.212	0.71
411.476	19.66
411.741	-7.36
412.006	0.2
412.271	1.63
412.535	1.75
412.8	1.78
413.065	1.76
413.329	1.72
413.594	1.69
413.859	0.63
414.124	19.58
414.388	-7.43
414.653	0.08
414.918	1.51
415.182	1.62
415.447	1.6
415.711	1.6
415.976	1.63
416.241	1.65
416.505	0.58
416.77	19.42
417.034	-7.63
417.299	-0.15
417.564	1.25
417.828	1.34
418.093	1.34
418.357	1.39
418.622	1.37
418.886	1.36
419.151	0.28
419.415	19.21
419.68	-7.7
419.944	-0.22
420.209	1.24
420.473	1.36
420.738	1.39
421.002	1.32
421.267	1.21
421.531	1.16
421.796	0.12
422.06	19
422.325	-8.01
422.589	-0.56
422.853	0.87
423.118	0.96
423.382	0.92
423.646	0.95
423.911	1.07
424.175	1.08
424.44	0.03
424.704	18.86
424.968	-8.11
425.233	-0.6
425.497	0.84
425.761	0.92
426.026	0.83
426.29	0.82
426.554	0.72
426.818	0.59
427.083	-0.45
427.347	18.46
427.611	-8.47
427.875	-0.99
428.14	0.41
428.404	0.52
428.668	0.58
428.932	0.62
429.197	0.58
429.461	0.6
429.725	-0.35
429.989	18.58
430.253	-8.41
430.517	-0.95
430.782	0.52
431.046	0.67
431.31	0.65
431.574	0.64
431.838	0.64
432.102	0.66
432.366	-0.36
432.63	18.45
432.894	-8.57
433.159	-1.07
433.423	0.36
433.687	0.48
433.951	0.54
434.215	0.57
434.479	0.52
434.743	0.52
435.007	-0.53
435.271	18.28
435.535	-8.6
435.799	-1.1
436.063	0.31
436.327	0.48
436.591	0.47
436.855	0.44
437.119	0.43
437.383	0.42
437.646	-0.61
437.91	18.31
438.174	-8.63
438.438	-1.13
438.702	0.38
438.966	0.54
439.23	0.49
439.494	0.44
439.758	0.36
440.021	0.35
440.285	-0.71
440.549	18.17
440.813	-8.75
441.077	-1.24
441.341	0.16
441.604	0.19
441.868	0.17
442.132	0.19
442.396	0.17
442.66	0.24
442.923	-0.76
443.187	18.17
443.451	-8.77
443.715	-1.33
443.978	0.05
444.242	0.13
444.506	0.19
444.769	0.17
445.033	0.11
445.297	0.12
445.56	-0.96
445.824	17.82
446.088	-9.08
446.351	-1.61
446.615	-0.15
446.879	0.02
447.142	0.03
447.406	-0.04
447.669	-0.13
447.933	-0.15
448.197	-1.22
448.46	17.65
448.724	-9.25
448.987	-1.89
449.251	-0.44
449.515	-0.34
449.778	-0.37
450.042	-0.44
450.305	-0.41
450.569	-0.29
450.832	-1.27
451.096	17.66
451.359	-9.28
451.623	-1.77
451.886	-0.28
452.15	-0.15
452.413	-0.17
452.676	-0.14
452.94	-0.08
453.203	-0.12
453.467	-1.22
453.73	17.65
453.994	-9.29
454.257	-1.8
454.52	-0.42
454.784	-0.27
455.047	-0.26
455.31	-0.22
455.574	-0.27
455.837	-0.28
456.1	-1.22
456.364	17.71
456.627	-9.24
456.89	-1.76
457.154	-0.33
457.417	-0.18
457.68	-0.27
457.944	-0.31
458.207	-0.37
458.47	-0.36
458.733	-1.42
458.997	17.35
459.26	-9.6
459.523	-2.1
459.786	-0.69
460.049	-0.55
460.313	-0.5
460.576	-0.43
460.839	-0.47
461.102	-0.45
461.365	-1.45
461.628	17.48
461.892	-9.4
462.155	-1.84
462.418	-0.41
462.681	-0.25
462.944	-0.28
463.207	-0.31
463.47	-0.3
463.733	-0.27
463.996	-1.27
464.26	17.58
464.523	-9.37
464.786	-1.92
465.049	-0.55
465.312	-0.38
465.575	-0.41
465.838	-0.37
466.101	-0.33
466.364	-0.35
466.627	-1.33
466.89	17.54
467.153	-9.31
467.416	-1.82
467.679	-0.3
467.942	-0.15
468.205	-0.15
468.467	-0.16
468.73	-0.17
468.993	-0.15
469.256	-1.14
469.519	17.69
469.782	-9.18
470.045	-1.77
470.308	-0.38
470.571	-0.31
470.834	-0.27
471.096	-0.28
471.359	-0.26
471.622	-0.27
471.885	-1.36
472.148	17.47
472.41	-9.36
472.673	-1.89
472.936	-0.41
473.199	-0.24
473.462	-0.21
473.724	-0.22
473.987	-0.2
474.25	-0.18
474.513	-1.19
474.775	17.67
475.038	-9.16
475.301	-1.69
475.563	-0.25
475.826	-0.09
476.089	-0.1
476.352	-0.06
476.614	-0.16
476.877	-0.16
477.139	-1.14
477.402	17.69
477.665	-9.17
477.927	-1.7
478.19	-0.25
478.453	-0.11
478.715	-0.1
478.978	-0.09
479.24	-0.09
479.503	0.03
479.766	-0.97
480.028	17.83
480.291	-8.99
480.553	-1.51
480.816	-0.07
481.078	0.03
481.341	-0
481.603	0.01
481.866	0.03
482.128	0.02
482.391	-1.05
482.653	17.76
482.916	-9.03
483.178	-1.56
483.441	-0.12
483.703	-0.01
483.965	0
484.228	0.09
484.49	0.09
484.753	0.14
485.015	-0.86
485.277	17.98
485.54	-8.83
485.802	-1.4
486.065	0.05
486.327	0.17
486.589	0.18
486.852	0.21
487.114	0.19
487.376	0.18
487.638	-0.86
487.901	17.97
488.163	-8.81
488.425	-1.32
488.688	0.13
488.95	0.28
489.212	0.31
489.474	0.35
489.737	0.34
489.999	0.38
490.261	-0.57
490.523	18.25
490.786	-8.57
491.048	-1.06
491.31	0.35
491.572	0.44
491.834	0.44
492.096	0.46
492.359	0.44
492.621	0.49
492.883	-0.51
493.145	18.31
493.407	-8.44
493.669	-0.95
493.931	0.44
494.193	0.57
494.455	0.62
494.718	0.65
494.98	0.62
495.242	0.71
495.504	-0.32
495.766	18.49
496.028	-8.3
496.29	-0.91
496.552	0.45
496.814	0.58
497.076	0.63
497.338	0.66
497.6	0.65
497.862	0.75
498.124	-0.3
498.386	18.53
498.648	-8.28
498.91	-0.85
499.172	0.6
499.433	0.82
499.695	0.8
499.957	0.76
500.219	0.79
500.481	0.78
500.743	-0.25
501.005	18.52
501.267	-8.21
501.529	-0.74
501.79	0.71
502.052	0.85
502.314	0.82
502.576	0.85
502.838	0.9
503.099	0.94
503.361	0.02
503.623	18.86
503.885	-7.87
504.147	-0.43
504.408	0.99
504.67	1.13
504.932	1.17
505.194	1.19
505.455	1.23
505.717	1.22
505.979	0.19
506.24	18.94
506.502	-7.87
506.764	-0.45
507.025	0.97
507.287	1.12
507.549	1.11
507.81	1.18
508.072	1.19
508.334	1.21
508.595	0.17
508.857	18.88
509.119	-7.86
509.38	-0.42
509.642	1
509.903	1.07
510.165	1.08
510.426	1.12
510.688	1.03
510.949	1.06
511.211	0
511.473	18.83
511.734	-7.82
511.996	-0.36
512.257	1.02
512.519	1.18
512.78	1.22
513.042	1.24
513.303	1.18
513.564	1.26
513.826	0.27
514.087	19.15
514.349	-7.6
514.61	-0.17
514.872	1.24
515.133	1.38
515.394	1.4
515.656	1.41
515.917	1.38
516.179	1.38
516.44	0.36
516.701	19.21
516.963	-7.57
517.224	-0.12
517.485	1.28
517.747	1.42
518.008	1.42
518.269	1.45
518.53	1.44
518.792	1.46
519.053	0.54
519.314	19.37
519.576	-7.37
519.837	0.07
520.098	1.55
520.359	1.66
520.62	1.68
520.882	1.75
521.143	1.73
521.404	1.74
521.665	0.71
521.926	19.42
522.188	-7.38
522.449	-0.08
522.71	1.33
522.971	1.43
523.232	1.43
523.493	1.47
523.755	1.45
524.016	1.49
524.277	0.5
524.538	19.3
524.799	-7.4
525.06	-0
525.321	1.47
525.582	1.59
525.843	1.59
526.104	1.61
526.365	1.53
526.626	1.59
526.887	0.59
527.148	19.39
527.409	-7.3
527.67	0.17
527.931	1.62
528.192	1.74
528.453	1.73
528.714	1.73
528.975	1.78
529.236	1.84
529.497	0.89
529.758	19.58
530.019	-7.16
530.28	0.24
530.541	1.62
530.801	1.79
531.062	1.82
531.323	1.86
531.584	1.83
531.845	1.86
532.106	0.86
532.367	19.53
532.627	-7.09
532.888	0.34
533.149	1.73
533.41	1.82
533.671	1.83
533.931	1.84
534.192	1.78
534.453	1.78
534.714	0.75
534.974	19.49
535.235	-7.21
535.496	0.1
535.757	1.49
536.017	1.62
536.278	1.65
536.539	1.58
536.799	1.51
537.06	1.56
537.321	0.57
537.581	19.31
537.842	-7.4
538.103	-0.04
538.363	1.39
538.624	1.52
538.885	1.51
539.145	1.5
539.406	1.53
539.666	1.57
539.927	0.57
540.188	19.31
540.448	-7.37
540.709	0.03
540.969	1.49
541.23	1.64
541.49	1.65
541.751	1.73
542.011	1.76
542.272	1.78
542.532	0.81
542.793	19.57
543.053	-7.05
543.314	0.33
543.574	1.78
543.835	1.95
544.095	1.92
544.356	1.9
544.616	1.81
544.876	1.81
545.137	0.78
545.397	19.48
545.658	-7.21
545.918	0.19
546.178	1.7
546.439	1.76
546.699	1.72
546.959	1.79
547.22	1.83
547.48	1.88
547.74	0.88
548.001	19.65
548.261	-6.99
548.521	0.39
548.782	1.8
549.042	1.84
549.302	1.89
549.562	1.9
549.823	1.86
550.083	1.84
550.343	0.81
550.603	19.53
550.864	-7.16
551.124	0.25
551.384	1.64
551.644	1.75
551.904	1.81
552.165	1.84
552.425	1.87
552.685	1.85
552.945	0.83
553.205	19.62
553.465	-7.05
553.725	0.31
553.986	1.69
554.246	1.85
554.506	1.79
554.766	1.74
555.026	1.67
555.286	1.64
555.546	0.66
555.806	19.46
556.066	-7.23
556.326	0.15
556.586	1.6
556.846	1.73
557.106	1.72
557.366	1.73
557.626	1.72
557.886	1.74
558.146	0.73
558.406	19.41
558.666	-7.34
558.926	0.01
559.186	1.41
559.446	1.51
559.706	1.5
559.966	1.48
560.226	1.5
560.486	1.56
560.746	0.54
561.005	19.25
561.265	-7.4
561.525	0.03
561.785	1.44
562.045	1.59
562.305	1.62
562.564	1.69
562.824	1.68
563.084	1.74
563.344	0.74
563.604	19.45
563.863	-7.16
564.123	0.28
564.383	1.7
564.643	1.87
564.903	1.84
565.162	1.82
565.422	1.71
565.682	1.74
565.941	0.69
566.201	19.39
566.461	-7.21
566.721	0.15
566.98	1.57
567.24	1.65
567.5	1.58
567.759	1.64
568.019	1.61
568.278	1.68
568.538	0.71
568.798	19.44
569.057	-7.26
569.317	0.05
569.577	1.43
569.836	1.58
570.096	1.57
570.355	1.63
570.615	1.61
570.874	1.66
571.134	0.63
571.393	19.24
571.653	-7.45
571.912	-0.05
572.172	1.43
572.431	1.58
572.691	1.48
572.95	1.53
573.21	1.52
573.469	1.51
573.729	0.5
573.988	19.23
574.248	-7.4
574.507	0.1
574.767	1.54
575.026	1.62
575.285	1.64
575.545	1.69
575.804	1.65
576.063	1.64
576.323	0.64
576.582	19.32
576.842	-7.27
577.101	0.16
577.36	1.46
577.62	1.57
577.879	1.61
578.138	1.64
578.397	1.62
578.657	1.65
578.916	0.7
579.175	19.43
579.435	-7.19
579.694	0.14
579.953	1.54
580.212	1.71
580.471	1.72
580.731	1.73
580.99	1.66
581.249	1.66
581.508	0.65
581.767	19.29
582.027	-7.32
582.286	0.06
582.545	1.45
582.804	1.54
583.063	1.48
583.322	1.46
583.581	1.4
583.841	1.45
584.1	0.48
584.359	19.19
584.618	-7.41
584.877	-0.05
585.136	1.33
585.395	1.47
585.654	1.55
585.913	1.62
586.172	1.58
586.431	1.6
586.69	0.52
586.949	19.25
587.208	-7.41
587.467	-0.05
587.726	1.34
587.985	1.52
588.244	1.58
588.503	1.48
588.762	1.4
589.021	1.42
589.28	0.47
589.539	19.23
589.798	-7.35
590.057	0.04
590.316	1.49
590.574	1.66
590.833	1.64
591.092	1.57
591.351	1.57
591.61	1.61
591.869	0.62
592.128	19.18
592.386	-7.39
592.645	-0.06
592.904	1.39
593.163	1.52
593.422	1.45
593.68	1.45
593.939	1.42
594.198	1.48
594.457	0.55
594.715	19.27
594.974	-7.24
595.233	0.06
595.492	1.4
595.75	1.48
596.009	1.45
596.268	1.47
596.526	1.4
596.785	1.43
597.044	0.38
597.302	19
597.561	-7.6
597.82	-0.31
598.078	1.14
598.337	1.34
598.595	1.34
598.854	1.3
599.113	1.3
599.371	1.37
599.63	0.41
599.888	19.15
600.147	-7.4
600.405	-0.06
600.664	1.41
600.923	1.53
601.181	1.48
601.44	1.55
601.698	1.6
601.957	1.57
602.215	0.58
602.474	19.22
602.732	-7.35
602.99	-0.01
603.249	1.43
603.507	1.52
603.766	1.51
604.024	1.54
604.283	1.45
604.541	1.42
604.799	0.43
605.058	19.12
605.316	-7.37
605.575	-0.04
605.833	1.39
606.091	1.53
606.35	1.58
606.608	1.55
606.866	1.54
607.125	1.64
607.383	0.68
607.641	19.43
607.9	-7.16
608.158	0.14
608.416	1.49
608.674	1.61
608.933	1.51
609.191	1.43
609.449	1.42
609.707	1.44
609.966	0.39
610.224	19.1
610.482	-7.51
610.74	-0.18
610.998	1.17
611.257	1.37
611.515	1.34
611.773	1.41
612.031	1.48
612.289	1.5
612.547	0.49
612.806	19.18
613.064	-7.48
613.322	-0.21
613.58	1.21
613.838	1.37
614.096	1.34
614.354	1.37
614.612	1.3
614.87	1.26
615.128	0.21
615.386	18.91
615.644	-7.64
615.902	-0.25
616.16	1.3
616.418	1.41
616.676	1.42
616.934	1.4
617.192	1.39
617.45	1.42
617.708	0.51
617.966	19.24
618.224	-7.34
618.482	-0.03
618.74	1.36
618.998	1.42
619.256	1.38
619.514	1.38
619.772	1.45
620.03	1.47
620.287	0.5
620.545	19.08
620.803	-7.49
621.061	-0.17
621.319	1.24
621.577	1.38
621.834	1.37
622.092	1.42
622.35	1.43
622.608	1.42
622.866	0.39
623.123	19.11
623.381	-7.39
623.639	-0.1
623.897	1.3
624.154	1.39
624.412	1.43
624.67	1.41
624.928	1.31
625.185	1.28
625.443	0.28
625.701	18.96
625.958	-7.65
626.216	-0.3
626.474	1.13
626.731	1.24
626.989	1.28
627.247	1.31
627.504	1.28
627.762	1.36
628.02	0.43
628.277	19.05
628.535	-7.54
628.792	-0.18
629.05	1.24
629.307	1.35
629.565	1.34
629.823	1.35
630.08	1.26
630.338	1.28
630.595	0.27
630.853	18.87
631.11	-7.62
631.368	-0.29
631.625	1.12
631.883	1.19
632.14	1.18
632.397	1.23
632.655	1.26
632.912	1.33
633.17	0.35
633.427	18.97
633.685	-7.58
633.942	-0.28
634.199	1.2
634.457	1.29
634.714	1.28
634.972	1.28
635.229	1.27
635.486	1.24
635.744	0.19
636.001	18.86
636.258	-7.61
636.516	-0.24
636.773	1.2
637.03	1.25
637.288	1.32
637.545	1.35
637.802	1.38
638.059	1.43
638.317	0.41
638.574	19.08
638.831	-7.41
639.088	-0.06
639.346	1.31
639.603	1.4
639.86	1.46
640.117	1.4
640.374	1.43
640.631	1.47
640.889	0.46
641.146	19.16
641.403	-7.3
641.66	-0.01
641.917	1.36
642.174	1.51
642.431	1.48
642.689	1.47
642.946	1.48
643.203	1.42
643.46	0.42
643.717	19.02
643.974	-7.53
644.231	-0.27
644.488	1.11
644.745	1.17
645.002	1.16
645.259	1.22
645.516	1.19
645.773	1.17
646.03	0.2
646.287	18.85
646.544	-7.62
646.801	-0.3
647.058	1.13
647.315	1.29
647.572	1.36
647.829	1.38
648.086	1.32
648.343	1.35
648.6	0.4
648.856	19.08
649.113	-7.43
649.37	-0.1
649.627	1.25
649.884	1.29
650.141	1.27
650.398	1.26
650.654	1.22
650.911	1.27
651.168	0.29
651.425	18.92
651.682	-7.58
651.938	-0.24
652.195	1.14
652.452	1.31
652.709	1.37
652.965	1.39
653.222	1.37
653.479	1.43
653.736	0.39
653.992	19.08
654.249	-7.44
654.506	-0.16
654.762	1.19
655.019	1.28
655.276	1.29
655.532	1.31
655.789	1.3
656.046	1.29
656.302	0.25
656.559	18.89
656.816	-7.71
657.072	-0.43
657.329	0.97
657.585	1.1
657.842	1.13
658.099	1.11
658.355	1.12
658.612	1.1
658.868	0.08
659.125	18.78
659.381	-7.73
659.638	-0.37
659.894	1.04
660.151	1.14
660.407	1.09
660.664	1.08
660.92	1.07
661.177	1.05
661.433	0.06
661.69	18.69
661.946	-7.83
662.203	-0.47
662.459	0.94
662.715	1.09
662.972	1.19
663.228	1.26
663.485	1.29
663.741	1.33
663.997	0.34
664.254	18.97
664.51	-7.5
664.766	-0.16
665.023	1.26
665.279	1.36
665.535	1.38
665.792	1.36
666.048	1.35
666.304	1.4
666.56	0.41
666.817	19.05
667.073	-7.47
667.329	-0.17
667.586	1.2
667.842	1.28
668.098	1.26
668.354	1.19
668.61	1.12
668.867	1.09
669.123	0.02
669.379	18.63
669.635	-7.89
669.891	-0.54
670.147	0.88
670.404	0.96
670.66	0.94
670.916	0.96
671.172	1.02
671.428	1.09
671.684	0.13
671.94	18.77
672.196	-7.76
672.452	-0.39
672.708	1.07
672.965	1.25
673.221	1.28
673.477	1.27
673.733	1.25
673.989	1.23
674.245	0.27
674.501	18.96
674.757	-7.54
675.013	-0.21
675.269	1.14
675.525	1.25
675.781	1.18
676.037	1.18
676.292	1.16
676.548	1.2
676.804	0.18
677.06	18.77
677.316	-7.79
677.572	-0.48
677.828	0.95
678.084	1.08
678.34	1.04
678.596	1.09
678.851	1.07
679.107	1.14
679.363	0.2
679.619	18.84
679.875	-7.7
680.131	-0.41
680.386	0.98
680.642	1.08
680.898	1.08
681.154	1.1
681.409	1.03
681.665	1.01
681.921	0.03
682.177	18.61
682.432	-7.9
682.688	-0.58
682.944	0.86
683.199	1.04
683.455	1.03
683.711	1
683.967	0.99
684.222	1
684.478	-0.01
684.734	18.56
684.989	-7.9
685.245	-0.55
685.5	0.86
685.756	0.98
686.012	0.92
686.267	0.94
686.523	0.94
686.778	0.95
687.034	0.01
687.289	18.68
687.545	-7.77
687.801	-0.52
688.056	0.88
688.312	1.01
688.567	1.01
688.823	1.02
689.078	0.96
689.334	1.03
689.589	0.04
689.845	18.7
690.1	-7.79
690.355	-0.46
690.611	0.93
690.866	1.03
691.122	1.01
691.377	0.96
691.633	1.01
691.888	1.07
692.143	0.04
692.399	18.67
692.654	-7.87
692.909	-0.61
693.165	0.75
693.42	0.91
693.675	0.93
693.931	0.98
694.186	1.01
694.441	0.95
694.697	-0.02
694.952	18.6
695.207	-7.89
695.463	-0.59
695.718	0.89
695.973	1.04
696.228	1.06
696.484	1.09
696.739	1.09
696.994	1.13
697.249	0.18
697.504	18.81
697.76	-7.78
698.015	-0.5
698.27	0.96
698.525	1.03
698.78	0.98
699.035	0.95
699.291	0.92
699.546	0.91
699.801	-0.06
700.056	18.54
700.311	-7.97
700.566	-0.59
700.821	0.89
701.076	0.98
701.331	1.02
701.586	1.08
701.841	1.04
702.096	1.08
702.351	0.1
702.606	18.71
702.862	-7.71
703.117	-0.33
703.372	1.14
703.626	1.2
703.881	1.19
704.136	1.2
704.391	1.18
704.646	1.2
704.901	0.21
705.156	18.86
705.411	-7.63
705.666	-0.43
705.921	0.89
706.176	1.01
706.431	0.98
706.686	0.97
706.94	0.93
707.195	0.92
707.45	-0.04
707.705	18.55
707.96	-7.97
708.215	-0.72
708.469	0.76
708.724	0.89
708.979	0.84
709.234	0.89
709.489	0.88
709.743	0.92
709.998	-0.06
710.253	18.57
710.508	-7.82
710.762	-0.52
711.017	0.91
711.272	0.96
711.527	0.95
711.781	0.99
712.036	0.9
712.291	0.92
712.545	-0.09
712.8	18.48
713.055	-8.03
713.309	-0.84
713.564	0.52
713.818	0.64
714.073	0.67
714.328	0.65
714.582	0.58
714.837	0.74
715.091	-0.27
715.346	18.3
715.601	-8.16
715.855	-0.9
716.11	0.55
716.364	0.71
716.619	0.73
716.873	0.79
717.128	0.81
717.382	0.82
717.637	-0.27
717.891	18.32
718.146	-8.14
718.4	-0.84
718.655	0.61
718.909	0.75
719.164	0.7
719.418	0.69
719.672	0.68
719.927	0.67
720.181	-0.29
720.436	18.34
720.69	-8.03
720.944	-0.71
721.199	0.68
721.453	0.76
721.707	0.71
721.962	0.74
722.216	0.68
722.47	0.68
722.725	-0.3
722.979	18.32
723.233	-8.14
723.488	-0.87
723.742	0.52
723.996	0.71
724.25	0.7
724.505	0.79
724.759	0.82
725.013	0.94
725.267	-0.08
725.522	18.5
725.776	-7.94
726.03	-0.62
726.284	0.77
726.538	0.92
726.792	0.92
727.047	1
727.301	0.92
727.555	0.93
727.809	-0.11
728.063	18.54
728.317	-7.88
728.571	-0.58
728.825	0.86
729.08	1.06
729.334	1.04
729.588	0.97
729.842	0.85
730.096	0.84
730.35	-0.18
730.604	18.41
730.858	-8.06
731.112	-0.74
731.366	0.69
731.62	0.74
731.874	0.71
732.128	0.7
732.382	0.77
732.636	0.9
732.89	-0.04
733.144	18.58
733.398	-7.88
733.652	-0.61
733.905	0.77
734.159	0.82
734.413	0.84
734.667	0.87
734.921	0.89
735.175	0.89
735.429	-0.18
735.683	18.4
735.936	-8.08
736.19	-0.81
736.444	0.58
736.698	0.7
736.952	0.75
737.205	0.79
737.459	0.73
737.713	0.71
737.967	-0.27
738.221	18.38
738.474	-8.09
738.728	-0.79
738.982	0.64
739.236	0.8
739.489	0.78
739.743	0.79
739.997	0.73
740.25	0.75
740.504	-0.28
740.758	18.32
741.011	-8.1
741.265	-0.76
741.519	0.7
741.772	0.86
742.026	0.84
742.28	0.85
742.533	0.82
742.787	0.79
743.04	-0.17
743.294	18.43
743.547	-8.02
743.801	-0.77
744.055	0.62
744.308	0.67
744.562	0.62
744.815	0.59
745.069	0.56
745.322	0.61
745.576	-0.37
745.829	18.25
746.083	-8.14
746.336	-0.85
746.59	0.6
746.843	0.75
747.097	0.8
747.35	0.82
747.603	0.84
747.857	0.8
748.11	-0.2
748.364	18.47
748.617	-8.01
748.87	-0.78
749.124	0.64
749.377	0.7
749.63	0.68
749.884	0.68
750.137	0.65
750.39	0.66
750.644	-0.29
750.897	18.28
751.15	-8.17
751.404	-0.91
751.657	0.53
751.91	0.66
752.164	0.64
752.417	0.64
752.67	0.6
752.923	0.65
753.176	-0.29
753.43	18.32
753.683	-8.08
753.936	-0.8
754.189	0.67
754.442	0.82
754.696	0.82
754.949	0.85
755.202	0.82
755.455	0.82
755.708	-0.23
755.961	18.41
756.214	-8.03
756.468	-0.76
756.721	0.65
756.974	0.75
757.227	0.7
757.48	0.72
757.733	0.75
757.986	0.76
758.239	-0.18
758.492	18.51
758.745	-7.97
758.998	-0.65
759.251	0.77
759.504	0.85
759.757	0.8
760.01	0.8
760.263	0.72
760.516	0.73
760.769	-0.22
761.022	18.35
761.275	-8.18
761.528	-0.92
761.781	0.41
762.034	0.51
762.287	0.49
762.54	0.57
762.792	0.57
763.045	0.6
763.298	-0.47
763.551	18.14
763.804	-8.27
764.057	-0.93
764.31	0.51
764.562	0.64
764.815	0.62
765.068	0.66
765.321	0.61
765.574	0.58
765.826	-0.38
766.079	18.35
766.332	-8.06
766.585	-0.81
766.837	0.57
767.09	0.69
767.343	0.74
767.595	0.82
767.848	0.79
768.101	0.78
768.354	-0.14
768.606	18.51
768.859	-7.94
769.112	-0.65
769.364	0.78
769.617	0.91
769.869	0.93
770.122	0.88
770.375	0.84
770.627	0.91
770.88	-0.02
771.132	18.59
771.385	-7.9
771.638	-0.68
771.89	0.71
772.143	0.81
772.395	0.76
772.648	0.71
772.9	0.78
773.153	0.77
773.405	-0.26
773.658	18.36
773.91	-8.1
774.163	-0.83
774.415	0.55
774.668	0.62
774.92	0.65
775.173	0.69
775.425	0.71
775.677	0.72
775.93	-0.27
776.182	18.35
776.435	-8.14
776.687	-0.83
776.939	0.64
777.192	0.77
777.444	0.8
777.696	0.76
777.949	0.75
778.201	0.71
778.453	-0.36
778.706	18.25
778.958	-8.17
779.21	-0.87
779.463	0.48
779.715	0.53
779.967	0.51
780.219	0.48
780.472	0.45
780.724	0.47
780.976	-0.52
781.228	18.11
781.481	-8.33
781.733	-1.07
781.985	0.34
782.237	0.5
782.489	0.47
782.741	0.56
782.994	0.57
783.246	0.6
783.498	-0.39
783.75	18.23
784.002	-8.25
784.254	-1
784.506	0.42
784.758	0.58
785.011	0.54
785.263	0.57
785.515	0.49
785.767	0.54
786.019	-0.45
786.271	18.16
786.523	-8.21
786.775	-0.88
787.027	0.6
787.279	0.7
787.531	0.65
787.783	0.65
788.035	0.64
788.287	0.68
788.539	-0.34
788.791	18.24
789.043	-8.16
789.295	-0.93
789.546	0.5
789.798	0.59
790.05	0.65
790.302	0.7
790.554	0.7
790.806	0.78
791.058	-0.16
791.31	18.46
791.561	-7.89
791.813	-0.65
792.065	0.73
792.317	0.78
792.569	0.76
792.821	0.73
793.072	0.69
793.324	0.73
793.576	-0.26
793.828	18.32
794.079	-8.12
794.331	-0.86
794.583	0.57
794.835	0.72
795.086	0.8
795.338	0.84
795.59	0.82
795.841	0.81
796.093	-0.2
796.345	18.39
796.596	-8.02
796.848	-0.71
797.1	0.67
797.351	0.74
797.603	0.72
797.855	0.74
798.106	0.7
798.358	0.74
798.609	-0.27
798.861	18.32
799.113	-8.17
799.364	-0.93
799.616	0.41
799.867	0.48
800.119	0.52
800.37	0.56
800.622	0.54
800.873	0.56
801.125	-0.45
801.376	18.18
801.628	-8.23
801.879	-0.94
802.131	0.46
802.382	0.63
802.634	0.72
802.885	0.77
803.137	0.73
803.388	0.72
803.639	-0.27
803.891	18.34
804.142	-8.06
804.394	-0.77
804.645	0.69
804.896	0.78
805.148	0.7
805.399	0.67
805.65	0.65
805.902	0.67
806.153	-0.31
806.404	18.23
806.656	-8.22
806.907	-0.96
807.158	0.43
807.409	0.51
807.661	0.5
807.912	0.6
808.163	0.6
808.414	0.56
808.666	-0.45
808.917	18.14
809.168	-8.28
809.419	-1.01
809.67	0.38
809.922	0.54
810.173	0.55
810.424	0.63
810.675	0.63
810.926	0.61
811.177	-0.29
811.428	18.3
811.68	-8.14
811.931	-0.82
812.182	0.6
812.433	0.73
812.684	0.72
812.935	0.77
813.186	0.68
813.437	0.64
813.688	-0.33
813.939	18.2
814.19	-8.23
814.441	-0.91
814.692	0.52
814.943	0.68
815.194	0.66
815.445	0.67
815.696	0.62
815.947	0.64
816.198	-0.27
816.449	18.31
816.7	-8.07
816.951	-0.76
817.202	0.61
817.453	0.74
817.704	0.69
817.954	0.74
818.205	0.71
818.456	0.7
818.707	-0.23
818.958	18.26
819.209	-8.14
819.46	-0.88
819.71	0.56
819.961	0.69
820.212	0.63
820.463	0.67
820.714	0.62
820.964	0.69
821.215	-0.27
821.466	18.31
821.717	-8.03
821.967	-0.67
822.218	0.73
822.469	0.83
822.72	0.84
822.97	0.9
823.221	0.85
823.472	0.87
823.722	-0.18
823.973	18.4
824.224	-8.03
824.474	-0.77
824.725	0.51
824.975	0.62
825.226	0.6
825.477	0.63
825.727	0.58
825.978	0.62
826.229	-0.36
826.479	18.25
826.73	-8.17
826.98	-0.91
827.231	0.51
827.481	0.62
827.732	0.6
827.982	0.58
828.233	0.57
828.483	0.6
828.734	-0.36
828.984	18.2
829.235	-8.23
829.485	-0.93
829.736	0.47
829.986	0.58
830.237	0.62
830.487	0.7
830.737	0.73
830.988	0.77
831.238	-0.28
831.489	18.3
831.739	-8.07
831.989	-0.83
832.24	0.63
832.49	0.76
832.74	0.81
832.991	0.86
833.241	0.8
833.491	0.8
833.742	-0.22
833.992	18.44
834.242	-7.96
834.493	-0.75
834.743	0.68
834.993	0.76
835.243	0.75
835.494	0.69
835.744	0.65
835.994	0.64
836.244	-0.36
836.494	18.25
836.745	-8.15
836.995	-0.89
837.245	0.6
837.495	0.8
837.745	0.8
837.996	0.82
838.246	0.77
838.496	0.79
838.746	-0.15
838.996	18.4
839.246	-8.05
839.496	-0.79
839.746	0.63
839.996	0.67
840.246	0.57
840.497	0.53
840.747	0.5
840.997	0.56
841.247	-0.42
841.497	18.15
841.747	-8.25
841.997	-0.96
842.247	0.51
842.497	0.59
842.747	0.6
842.997	0.63
843.247	0.65
843.496	0.66
843.746	-0.29
843.996	18.31
844.246	-8.1
844.496	-0.8
844.746	0.56
844.996	0.68
845.246	0.69
845.496	0.7
845.746	0.69
845.995	0.74
846.245	-0.28
846.495	18.28
846.745	-8.19
846.995	-0.91
847.245	0.52
847.494	0.68
847.744	0.61
847.994	0.65
848.244	0.7
848.493	0.74
848.743	-0.28
848.993	18.34
849.243	-8.05
849.492	-0.71
849.742	0.68
849.992	0.76
850.242	0.73
850.491	0.81
850.741	0.79
850.991	0.76
851.24	-0.21
851.49	18.35
851.74	-8.09
851.989	-0.8
852.239	0.58
852.488	0.68
852.738	0.72
852.988	0.82
853.237	0.76
853.487	0.78
853.736	-0.22
853.986	18.35
854.235	-8.04
854.485	-0.76
854.735	0.6
854.984	0.73
855.234	0.8
855.483	0.75
855.733	0.63
855.982	0.66
856.232	-0.35
856.481	18.24
856.73	-8.19
856.98	-0.9
857.229	0.52
857.479	0.67
857.728	0.63
857.978	0.59
858.227	0.62
858.476	0.64
858.726	-0.34
858.975	18.24
859.225	-8.23
859.474	-0.96
859.723	0.39
859.973	0.48
860.222	0.46
860.471	0.51
860.721	0.54
860.97	0.53
861.219	-0.48
861.468	18.12
861.718	-8.3
861.967	-0.97
862.216	0.49
862.465	0.71
862.715	0.76
862.964	0.77
863.213	0.72
863.462	0.71
863.712	-0.27
863.961	18.31
864.21	-8.1
864.459	-0.86
864.708	0.55
864.957	0.66
865.207	0.59
865.456	0.63
865.705	0.67
865.954	0.69
866.203	-0.27
866.452	18.29
866.701	-8.07
866.95	-0.78
867.199	0.64
867.448	0.76
867.698	0.72
867.947	0.75
868.196	0.74
868.445	0.75
868.694	-0.19
868.943	18.36
869.192	-7.99
869.441	-0.68
869.69	0.68
869.939	0.84
870.188	0.8
870.436	0.79
870.685	0.74
870.934	0.69
871.183	-0.31
871.432	18.23
871.681	-8.15
871.93	-0.93
872.179	0.46
872.428	0.64
872.677	0.69
872.925	0.73
873.174	0.78
873.423	0.81
873.672	-0.17
873.921	18.41
874.17	-7.99
874.418	-0.72
874.667	0.69
874.916	0.81
875.165	0.79
875.413	0.72
875.662	0.73
875.911	0.74
876.16	-0.24
876.408	18.38
876.657	-8.04
876.906	-0.78
877.155	0.66
877.403	0.78
877.652	0.76
877.901	0.78
878.149	0.8
878.398	0.87
878.647	-0.08
878.895	18.51
879.144	-7.9
879.392	-0.62
879.641	0.78
879.89	0.84
880.138	0.84
880.387	0.83
880.635	0.8
880.884	0.84
881.132	-0.18
881.381	18.36
881.63	-8.07
881.878	-0.83
882.127	0.58
882.375	0.75
882.624	0.82
882.872	0.89
883.121	0.9
883.369	0.91
883.617	-0.11
883.866	18.41
884.114	-8
884.363	-0.64
884.611	0.85
884.86	0.97
885.108	0.97
885.356	0.96
885.605	0.89
885.853	0.93
886.102	0.02
886.35	18.64
886.598	-7.75
886.847	-0.47
887.095	0.88
887.343	0.96
887.592	0.93
887.84	0.92
888.088	0.96
888.336	0.98
888.585	-0.01
888.833	18.57
889.081	-7.84
889.329	-0.55
889.578	0.85
889.826	0.97
890.074	1.01
890.322	1.09
890.571	1.07
890.819	1.05
891.067	0.08
891.315	18.61
891.563	-7.81
891.811	-0.5
892.06	0.92
892.308	1.05
892.556	1.12
892.804	1.1
893.052	1.09
893.3	1.18
893.548	0.18
893.796	18.8
894.044	-7.58
894.292	-0.31
894.54	1.07
894.788	1.21
895.036	1.24
895.284	1.25
895.533	1.21
895.781	1.19
896.028	0.14
896.276	18.8
896.524	-7.61
896.772	-0.29
897.02	1.16
897.268	1.27
897.516	1.23
897.764	1.27
898.012	1.23
898.26	1.3
898.508	0.31
898.756	18.97
899.004	-7.52
899.252	-0.22
899.499	1.2
899.747	1.27
899.995	1.27
900.243	1.35
900.491	1.36
900.739	1.42
900.986	0.49
901.234	19.15
901.482	-7.25
901.73	0.07
901.978	1.42
902.225	1.61
902.473	1.69
902.721	1.75
902.968	1.76
903.216	1.81
903.464	0.86
903.712	19.48
903.959	-6.89
904.207	0.44
904.455	1.99
904.702	2.25
904.95	2.31
905.198	2.34
905.445	2.38
905.693	2.5
905.941	1.67
906.188	20.46
906.436	-5.8
906.683	1.78
906.931	3.63
907.178	4.22
907.426	5
907.674	5.76
907.921	6.66
908.169	7.42
908.416	7.08
908.664	26.2
908.911	0.29
909.159	8.2
909.406	10.55
909.654	12.26
909.901	17.01
910.149	30.72
910.396	75.05
910.644	155.59
910.891	287.03
911.138	485.38
911.386	689.87
911.633	967.25
911.881	1294.44
912.128	1669.01
912.375	2099.56
912.623	2586.73
912.87	3129.37
913.117	3711.65
913.365	4323.3
913.612	4951.43
913.859	5540.7
914.107	6148.67
914.354	6749.31
914.601	7304.06
914.849	7829.36
915.096	8321.13
915.343	8755.77
915.59	9119.77
915.838	9420.71
916.085	9676.85
916.332	9825.66
916.579	9947.16
916.827	10019.31
917.074	10039.79
917.321	10037.57
917.568	9989.24
917.815	9901.64
918.062	9803.25
918.31	9689.47
918.557	9580.68
918.804	9399.75
919.051	9238.34
919.298	9060.41
919.545	8874.48
919.792	8683.13
920.039	8473.46
920.286	8267.74
920.534	8053.37
920.781	7818.69
921.028	7593.13
921.275	7292.65
921.522	7008.25
921.769	6701.55
922.016	6355.61
922.263	5962.12
922.51	5513.73
922.757	5029.18
923.004	4504.93
923.251	3956.73
923.498	3414.25
923.745	2836.9
923.992	2322.11
924.238	1841.48
924.485	1402.8
924.732	1019.54
924.979	697.51
925.226	448.02
925.473	264.38
925.72	141.67
925.967	86.02
926.214	26.35
926.46	21.09
926.707	17.25
926.954	14.6
927.201	12.71
927.448	11.45
927.694	10.39
927.941	9.58
928.188	7.8
928.435	25.7
928.682	-1.44
928.928	5.38
929.175	6.24
929.422	6.01
929.668	5.54
929.915	5.22
930.162	4.85
930.409	4.65
930.655	3.39
930.902	21.79
931.149	-4.8
931.395	2.32
931.642	3.57
931.889	3.63
932.135	3.39
932.382	3.3
932.628	3.19
932.875	3.16
933.122	2.04
933.368	20.56
933.615	-5.97
933.861	1.18
934.108	2.58
934.354	2.63
934.601	2.5
934.847	2.57
935.094	2.51
935.34	2.52
935.587	1.47
935.833	20.05
936.08	-6.42
936.326	0.81
936.573	2.21
936.819	2.27
937.066	2.25
937.312	2.19
937.559	2.13
937.805	2.1
938.051	1.03
938.298	19.57
938.544	-6.93
938.791	0.37
939.037	1.73
939.283	1.86
939.53	1.81
939.776	1.78
940.022	1.76
940.269	1.73
940.515	0.75
940.761	19.32
941.007	-7.13
941.254	0.17
941.5	1.52
941.746	1.71
941.993	1.64
942.239	1.7
942.485	1.69
942.731	1.69
942.977	0.66
943.224	19.24
943.47	-7.2
943.716	0.09
943.962	1.52
944.208	1.57
944.455	1.48
944.701	1.48
944.947	1.44
945.193	1.42
945.439	0.46
945.685	19.11
945.931	-7.38
946.177	-0.11
946.423	1.32
946.67	1.4
946.916	1.39
947.162	1.38
947.408	1.33
947.654	1.38
947.9	0.39
948.146	18.92
948.392	-7.54
948.638	-0.22
948.884	1.16
949.13	1.28
949.376	1.26
949.622	1.34
949.868	1.39
950.114	1.47
950.359	0.4
950.605	18.97
950.851	-7.41
951.097	-0.12
951.343	1.21
951.589	1.37
951.835	1.38
952.081	1.45
952.327	1.44
952.572	1.39
952.818	0.38
953.064	19.06
953.31	-7.37
953.556	-0.09
953.802	1.28
954.047	1.47
954.293	1.4
954.539	1.39
954.785	1.32
955.03	1.32
955.276	0.31
955.522	18.89
955.768	-7.55
956.013	-0.16
956.259	1.32
956.505	1.52
956.75	1.51
956.996	1.53
957.242	1.47
957.487	1.5
957.733	0.51
957.979	19.14
958.224	-7.22
958.47	0.05
958.716	1.41
958.961	1.46
959.207	1.34
959.452	1.34
959.698	1.36
959.943	1.4
960.189	0.42
960.435	19.03
960.68	-7.41
960.926	-0.15
961.171	1.25
961.417	1.3
961.662	1.27
961.908	1.33
962.153	1.36
962.399	1.4
962.644	0.41
962.89	18.93
963.135	-7.51
963.38	-0.2
963.626	1.16
963.871	1.32
964.117	1.36
964.362	1.4
964.607	1.39
964.853	1.36
965.098	0.36
965.344	18.97
965.589	-7.38
965.834	-0.03
966.08	1.4
966.325	1.59
966.57	1.56
966.815	1.64
967.061	1.64
967.306	1.67
967.551	1.69
967.797	2.68
968.042	-14.99
968.287	-6.19
968.532	-4.69
968.777	-4.56
969.023	-4.61
969.268	-4.54
969.513	-4.57
969.758	-4.59
970.003	-4.61
970.249	-4.58
970.494	-4.6
970.739	-4.52
970.984	-4.51
971.229	-4.49
971.474	-4.54
971.719	-4.54
971.965	-4.64
972.21	-4.64
972.455	-4.66
972.7	-4.68
972.945	-4.75
973.19	-4.71
973.435	-4.77
973.68	-4.8
973.925	-4.88
974.17	-4.85
974.415	-4.85
974.66	-4.78
974.905	-4.83
975.15	-4.82
975.395	-4.83
975.64	-4.76
975.885	-4.75
976.13	-4.72
976.375	-4.67
976.62	-4.61
976.865	-4.6
977.109	-4.55
977.354	-4.59
977.599	-4.52
977.844	-4.51
978.089	-4.44
978.334	-4.47
978.579	-4.48
978.824	-4.51
979.068	-4.52
979.313	-4.56
979.558	-4.52
979.803	-4.52
980.048	-4.49
980.292	-4.58
980.537	-4.58
980.782	-4.65
981.027	-4.63
981.271	-4.7
981.516	-4.61
981.761	-4.64
982.006	-4.61
982.25	-4.67
982.495	-4.68
982.74	-4.75
982.984	-4.67
983.229	-4.66
983.474	-4.63
983.718	-4.66
983.963	-4.61
984.208	-4.63
984.452	-4.56
984.697	-4.52
984.941	-4.46
985.186	-4.47
985.431	-4.43
985.675	-4.45
985.92	-4.39
986.164	-4.41
986.409	-4.43
986.653	-4.46
986.898	-4.45
987.142	-4.46
987.387	-4.5
987.631	-4.57
987.876	-4.6
988.12	-4.59
988.365	-4.56
988.609	-4.62
988.854	-4.55
989.098	-4.5
989.343	-4.5
989.587	-4.55
989.831	-4.58
990.076	-4.62
990.32	-4.64
990.565	-4.64
990.809	-4.61
991.053	-4.62
991.298	-4.61
991.542	-4.67
991.786	-4.7
992.031	-4.66
992.275	-4.62
992.519	-4.61
992.764	-4.56
993.008	-4.51
993.252	-4.51
993.496	-4.56
993.741	-4.51
993.985	-4.49
994.229	-4.47
994.473	-4.47
994.718	-4.52
994.962	-4.56
995.206	-4.56
995.45	-4.59
995.694	-4.64
995.939	-4.65
996.183	-4.58
996.427	-4.63
996.671	-4.62
996.915	-4.63
997.159	-4.63
997.403	-4.6
997.647	-4.55
997.892	-4.52
998.136	-4.48
998.38	-4.48
998.624	-4.45
998.868	-4.48
999.112	-4.46
999.356	-4.5
999.6	-4.44
999.844	-4.46
1000.088	-4.47
1000.332	-4.47
1000.576	-4.51
1000.82	-4.51
1001.064	-4.5
1001.308	-4.53
1001.552	-4.54
1001.796	-4.57
1002.04	-4.53
1002.284	-4.57
1002.528	-4.46
1002.771	-4.43
1003.015	-4.45
1003.259	-4.43
1003.503	-4.42
1003.747	-4.38
1003.991	-4.32
1004.235	-4.33
1004.479	-4.36
1004.722	-4.41
1004.966	-4.4
1005.21	-4.44
1005.454	-4.42
1005.698	-4.42
1005.941	-4.4
1006.185	-4.41
1006.429	-4.37
1006.673	-4.41
1006.916	-4.41
1007.16	-4.37
1007.404	-4.32
1007.648	-4.32
1007.891	-4.31
1008.135	-4.31
1008.379	-4.28
1008.622	-4.28
1008.866	-4.2
1009.11	-4.32
1009.353	-4.31
1009.597	-4.33
1009.841	-4.33
1010.084	-4.39
1010.328	-4.36
1010.571	-4.36
1010.815	-4.28
1011.059	-4.36
1011.302	-4.34
1011.546	-4.37
1011.789	-4.3
1012.033	-4.31
1012.276	-4.28
1012.52	-4.3
1012.763	-4.28
1013.007	-4.35
1013.25	-4.36
1013.494	-4.47
1013.737	-4.46
1013.981	-4.51
1014.224	-4.54
1014.468	-4.52
1014.711	-4.45
1014.955	-4.44
1015.198	-4.41
1015.441	-4.38
1015.685	-4.31
1015.928	-4.31
1016.172	-4.25
1016.415	-4.22
1016.658	-4.2
1016.902	-4.24
1017.145	-4.22
1017.388	-4.29
1017.632	-4.27
1017.875	-4.28
1018.118	-4.29
1018.362	-4.3
1018.605	-4.29
1018.848	-4.38
1019.091	-4.36
1019.335	-4.38
1019.578	-4.33
1019.821	-4.36
1020.064	-4.33
1020.308	-4.4
1020.551	-4.38
1020.794	-4.37
1021.037	-4.37
1021.28	-4.41
1021.524	-4.31
1021.767	-4.31
1022.01	-4.26
1022.253	-4.28
1022.496	-4.25
1022.739	-4.29
1022.982	-4.27
1023.226	-4.29
1023.469	-4.28
1023.712	-4.3
1023.955	-4.3
1024.198	-4.34
1024.441	-4.36
1024.684	-4.45
1024.927	-4.45
1025.17	-4.51
1025.413	-4.46
1025.656	-4.42
1025.899	-4.39
1026.142	-4.39
1026.385	-4.43
1026.628	-4.45
1026.871	-4.43
1027.114	-4.45
1027.357	-4.37
1027.6	-4.36
1027.843	-4.32
1028.086	-4.33
1028.329	-4.37
1028.571	-4.42
1028.814	-4.41
1029.057	-4.37
1029.3	-4.35
1029.543	-4.36
1029.786	-4.3
1030.029	-4.3
1030.271	-4.3
1030.514	-4.35
1030.757	-4.33
1031	-4.36
1031.243	-4.24
1031.485	-4.22
1031.728	-4.17
1031.971	-4.14
1032.214	-4.15
1032.456	-4.2
1032.699	-4.15
1032.942	-4.19
1033.185	-4.14
1033.427	-4.2
1033.67	-4.2
1033.913	-4.31
1034.155	-4.4
1034.398	-4.47
1034.641	-4.42
1034.883	-4.42
1035.126	-4.4
1035.369	-4.52
1035.611	-4.52
1035.854	-4.52
1036.096	-4.46
1036.339	-4.37
1036.582	-4.29
1036.824	-4.26
1037.067	-4.18
1037.309	-4.23
1037.552	-4.24
1037.794	-4.2
1038.037	-4.12
1038.279	-4.07
1038.522	-4.05
1038.764	-4.11
1039.007	-4.16
1039.249	-4.26
1039.492	-4.24
1039.734	-4.24
1039.977	-4.24
1040.219	-4.28
1040.462	-4.32
1040.704	-4.32
1040.946	-4.32
1041.189	-4.37
1041.431	-4.35
1041.674	-4.38
1041.916	-4.29
1042.158	-4.31
1042.401	-4.34
1042.643	-4.38
1042.885	-4.33
1043.128	-4.32
1043.37	-4.34
1043.612	-4.42
1043.855	-4.43
1044.097	-4.47
1044.339	-4.43
1044.581	-4.49
1044.824	-4.51
1045.066	-4.57
1045.308	-4.56
1045.55	-4.56
1045.793	-4.61
1046.035	-4.63
1046.277	-4.57
1046.519	-4.54
1046.761	-4.48
1047.003	-4.51
1047.246	-4.54
1047.488	-4.53
1047.73	-4.48
1047.972	-4.44
1048.214	-4.5
1048.456	-4.49
1048.698	-4.45
1048.94	-4.5
1049.183	-4.49
1049.425	-4.53
1049.667	-4.57
1049.909	-4.52
1050.151	-4.46
1050.393	-4.48
1050.635	-4.53
1050.877	-4.48
1051.119	-4.45
1051.361	-4.46
1051.603	-4.43
1051.845	-4.46
1052.087	-4.46
1052.329	-4.39
1052.571	-4.32
1052.813	-4.36
1053.054	-4.31
1053.296	-4.28
1053.538	-4.25
1053.78	-4.27
1054.022	-4.21
1054.264	-4.27
1054.506	-4.28
1054.748	-4.3
1054.99	-4.34
1055.231	-4.44
1055.473	-4.42
1055.715	-4.49
1055.957	-4.57
1056.199	-4.6
1056.44	-4.62
1056.682	-4.72
1056.924	-4.7
1057.166	-4.71
1057.408	-4.66
1057.649	-4.65
1057.891	-4.62
1058.133	-4.69
1058.374	-4.64
1058.616	-4.64
1058.858	-4.65
1059.1	-4.69
1059.341	-4.68
1059.583	-4.74
1059.825	-4.72
1060.066	-4.77
1060.308	-4.73
1060.549	-4.76
1060.791	-4.72
1061.033	-4.78
1061.274	-4.79
1061.516	-4.78
1061.757	-4.77
1061.999	-4.77
1062.241	-4.72
1062.482	-4.77
1062.724	-4.75
1062.965	-4.81
1063.207	-4.79
1063.448	-4.81
1063.69	-4.83
1063.931	-4.81
1064.173	-4.82
1064.414	-4.77
1064.656	-4.76
1064.897	-4.79
1065.139	-4.69
1065.38	-4.71
1065.621	-4.76
1065.863	-4.79
1066.104	-4.76
1066.346	-4.74
1066.587	-4.74
1066.828	-4.77
1067.07	-4.81
1067.311	-4.82
1067.552	-4.77
1067.794	-4.85
1068.035	-4.86
1068.276	-4.8
1068.518	-4.81
1068.759	-4.88
1069	-4.87
1069.242	-4.89
1069.483	-4.83
1069.724	-4.84
1069.965	-4.82
1070.207	-4.79
1070.448	-4.77
1070.689	-4.79
1070.93	-4.76
1071.172	-4.73
1071.413	-4.64
1071.654	-4.69
1071.895	-4.66
1072.136	-4.74
1072.377	-4.77
1072.619	-4.81
1072.86	-4.87
1073.101	-4.9
1073.342	-4.82
1073.583	-4.89
1073.824	-4.9
1074.065	-4.96
1074.306	-4.9
1074.547	-4.94
1074.788	-4.9
1075.029	-4.9
1075.271	-4.85
1075.512	-4.89
1075.753	-4.85
1075.994	-4.94
1076.235	-4.95
1076.476	-4.97
1076.717	-4.91
1076.958	-4.92
1077.199	-4.94
1077.439	-4.97
1077.68	-4.94
1077.921	-5.03
1078.162	-4.98
1078.403	-4.98
1078.644	-4.94
1078.885	-4.93
1079.126	-4.93
1079.367	-5
1079.608	-5.02
1079.848	-5.03
1080.089	-5.01
1080.33	-5.06
1080.571	-5.02
1080.812	-5.09
1081.053	-5.18
1081.293	-5.21
1081.534	-5.22
1081.775	-5.28
1082.016	-5.28
1082.257	-5.31
1082.497	-5.27
1082.738	-5.36
1082.979	-5.32
1083.219	-5.29
1083.46	-5.25
1083.701	-5.24
1083.942	-5.21
1084.182	-5.26
1084.423	-5.26
1084.664	-5.33
1084.904	-5.31
1085.145	-5.28
1085.386	-5.21
1085.626	-5.21
1085.867	-5.25
1086.107	-5.27
1086.348	-5.25
1086.589	-5.3
1086.829	-5.25
1087.07	-5.24
1087.31	-5.15
1087.551	-5.18
1087.791	-5.25
1088.032	-5.33
1088.272	-5.32
1088.513	-5.32
1088.753	-5.28
1088.994	-5.27
1089.234	-5.28
1089.475	-5.35
1089.715	-5.34
1089.956	-5.44
1090.196	-5.44
1090.437	-5.43
1090.677	-5.42
1090.917	-5.49
1091.158	-5.52
1091.398	-5.51
1091.639	-5.53
1091.879	-5.53
1092.119	-5.47
1092.36	-5.48
1092.6	-5.41
1092.84	-5.39
1093.081	-5.33
1093.321	-5.33
1093.561	-5.21
1093.802	-5.22
1094.042	-5.32
1094.282	-5.34
1094.522	-5.36
1094.763	-5.45
1095.003	-5.45
1095.243	-5.48
1095.483	-5.45
1095.724	-5.48
1095.964	-5.45
1096.204	-5.58
1096.444	-5.51
1096.684	-5.47
1096.925	-5.49
1097.165	-5.54
1097.405	-5.5
1097.645	-5.55
1097.885	-5.58
1098.125	-5.65
1098.365	-5.71
1098.605	-5.75
1098.846	-5.74
1099.086	-5.79
1099.326	-5.75
1099.566	-5.69
1099.806	-5.63
1100.046	-5.66
1100.286	-5.67
1100.526	-5.69
1100.766	-5.68
1101.006	-5.73
1101.246	-5.75
1101.486	-5.76
1101.726	-5.76
1101.966	-5.78
1102.206	-5.85
1102.446	-5.85
1102.686	-5.84
1102.926	-5.77
1103.166	-5.73
1103.405	-5.75
1103.645	-5.74
1103.885	-5.77
1104.125	-5.77
1104.365	-5.81
1104.605	-5.83
1104.845	-5.84
1105.085	-5.87
1105.324	-5.9
1105.564	-5.95
1105.804	-5.98
1106.044	-5.94
1106.284	-5.87
1106.523	-5.78
1106.763	-5.76
1107.003	-5.71
1107.243	-5.75
1107.482	-5.71
1107.722	-5.73
1107.962	-5.66
1108.202	-5.63
1108.441	-5.65
1108.681	-5.68
1108.921	-5.71
1109.16	-5.8
1109.4	-5.79
1109.64	-5.79
1109.879	-5.75
1110.119	-5.8
1110.359	-5.71
1110.598	-5.72
1110.838	-5.78
1111.077	-5.77
1111.317	-5.76
1111.557	-5.77
1111.796	-5.75
1112.036	-5.8
1112.275	-5.84
1112.515	-5.86
1112.754	-5.8
1112.994	-5.88
1113.233	-5.84
1113.473	-5.82
1113.712	-5.77
1113.952	-5.77
1114.191	-5.75
1114.431	-5.76
1114.67	-5.74
1114.91	-5.73
1115.149	-5.76
1115.389	-5.8
1115.628	-5.78
1115.867	-5.93
1116.107	-5.91
1116.346	-5.98
1116.585	-5.99
1116.825	-6.02
1117.064	-6.04
1117.304	-6.08
1117.543	-6.06
1117.782	-6.06
1118.021	-6.04
1118.261	-6.08
1118.5	-6.04
1118.739	-6.07
1118.979	-6.04
1119.218	-6.06
1119.457	-6.08
1119.696	-6.08
1119.936	-6.05
1120.175	-6.03
1120.414	-6.03
1120.653	-6.07
1120.893	-6.07
1121.132	-5.99
1121.371	-6.02
1121.61	-6.1
1121.849	-6.09
1122.088	-6.14
1122.328	-6.16
1122.567	-6.22
1122.806	-6.28
1123.045	-6.3
1123.284	-6.29
1123.523	-6.25
1123.762	-6.3
1124.001	-6.29
1124.24	-6.2
1124.479	-6.18
1124.718	-6.14
1124.957	-6.16
1125.196	-6.12
1125.435	-6.11
1125.674	-6.11
1125.913	-6.1
1126.152	-6.11
1126.391	-6.16
1126.63	-6.14
1126.869	-6.19
1127.108	-6.22
1127.347	-6.21
1127.586	-6.17
1127.825	-6.17
