Data from HR4C45961_13-19-09-119.txt Node
195.373	-320.49
195.645	-275.43
195.916	-241.67
196.187	-215.36
196.459	-194.35
196.73	-178.15
197.002	-103.47
197.273	-56.23
197.544	-1.25
197.816	0.66
198.087	0.93
198.358	1
198.63	0.99
198.901	1.07
199.172	1.08
199.444	0.16
199.715	19.39
199.986	-8.01
200.257	-0.21
200.529	1.34
200.8	1.55
201.071	1.65
201.343	1.78
201.614	1.9
201.885	1.93
202.156	1.04
202.427	20.3
202.699	-7.13
202.97	0.73
203.241	2.38
203.512	2.62
203.783	2.73
204.055	2.81
204.326	2.83
204.597	2.93
204.868	1.99
205.139	21.19
205.41	-6.27
205.681	1.55
205.952	3.08
206.224	3.2
206.495	3.22
206.766	3.27
207.037	3.38
207.308	3.53
207.579	2.59
207.85	21.86
208.121	-5.55
208.392	2.28
208.663	3.85
208.934	4.05
209.205	4.12
209.476	4.16
209.747	4.24
210.018	4.27
210.289	3.27
210.56	22.5
210.831	-4.91
211.102	2.9
211.373	4.37
211.644	4.52
211.915	4.57
212.186	4.65
212.457	4.71
212.728	4.8
212.999	3.79
213.269	22.95
213.54	-4.51
213.811	3.19
214.082	4.66
214.353	4.85
214.624	4.87
214.895	4.85
215.165	4.77
215.436	4.78
215.707	3.7
215.978	22.78
216.249	-4.63
216.52	3.16
216.79	4.68
217.061	4.86
217.332	4.87
217.603	4.89
217.873	4.93
218.144	5.03
218.415	4.01
218.686	23.15
218.956	-4.21
219.227	3.48
219.498	4.91
219.768	5.03
220.039	5
220.31	5.01
220.58	5.04
220.851	5.05
221.122	4.01
221.392	23.13
221.663	-4.28
221.934	3.5
222.204	5.01
222.475	5.13
222.746	5.15
223.016	5.19
223.287	5.2
223.557	5.2
223.828	4.13
224.098	23.28
224.369	-4.15
224.64	3.61
224.91	5.02
225.181	5.14
225.451	5.21
225.722	5.26
225.992	5.24
226.263	5.25
226.533	4.24
226.804	23.42
227.074	-4.06
227.345	3.69
227.615	5.15
227.886	5.31
228.156	5.29
228.426	5.27
228.697	5.18
228.967	5.19
229.238	4.16
229.508	23.3
229.779	-4.08
230.049	3.67
230.319	5.11
230.59	5.17
230.86	5.13
231.13	5.16
231.401	5.08
231.671	5.13
231.941	4.13
232.212	23.21
232.482	-4.3
232.752	3.34
233.023	4.81
233.293	4.97
233.563	5.04
233.834	5.09
234.104	5.07
234.374	5.13
234.644	4.09
234.915	23.17
235.185	-4.18
235.455	3.61
235.725	5.12
235.995	5.24
236.266	5.21
236.536	5.25
236.806	5.23
237.076	5.21
237.346	4.15
237.616	23.26
237.887	-4.15
238.157	3.53
238.427	4.92
238.697	5.04
238.967	5.05
239.237	5.06
239.507	4.95
239.777	4.89
240.048	3.86
240.318	22.99
240.588	-4.44
240.858	3.26
241.128	4.71
241.398	4.83
241.668	4.79
241.938	4.79
242.208	4.76
242.478	4.77
242.748	3.8
243.018	22.88
243.288	-4.5
243.558	3.21
243.828	4.65
244.098	4.74
244.368	4.72
244.638	4.72
244.908	4.66
245.178	4.66
245.448	3.6
245.718	22.61
245.987	-4.66
246.257	3.03
246.527	4.54
246.797	4.68
247.067	4.71
247.337	4.72
247.607	4.68
247.877	4.68
248.146	3.61
248.416	22.68
248.686	-4.66
248.956	2.92
249.226	4.33
249.496	4.39
249.765	4.34
250.035	4.28
250.305	4.24
250.575	4.25
250.844	3.2
251.114	22.35
251.384	-5.01
251.654	2.59
251.923	4.02
252.193	4.11
252.463	4.04
252.732	4.03
253.002	4
253.272	3.98
253.542	2.94
253.811	22.07
254.081	-5.36
254.351	2.26
254.62	3.75
254.89	3.88
255.159	3.83
255.429	3.85
255.699	3.79
255.968	3.81
256.238	2.75
256.507	21.73
256.777	-5.73
257.047	1.92
257.316	3.4
257.586	3.52
257.855	3.5
258.125	3.5
258.394	3.48
258.664	3.45
258.933	2.33
259.203	21.37
259.472	-5.98
259.742	1.7
260.011	3.13
260.281	3.17
260.55	3.11
260.82	3.08
261.089	3.01
261.359	2.98
261.628	1.93
261.898	20.97
262.167	-6.47
262.436	1.11
262.706	2.6
262.975	2.7
263.245	2.66
263.514	2.64
263.783	2.57
264.053	2.55
264.322	1.45
264.591	20.51
264.861	-6.8
265.13	0.89
265.399	2.37
265.669	2.41
265.938	2.37
266.207	2.34
266.477	2.26
266.746	2.21
267.015	1.13
267.284	20.15
267.554	-7.27
267.823	0.35
268.092	1.82
268.361	1.94
268.631	1.87
268.9	1.79
269.169	1.76
269.438	1.78
269.707	0.72
269.977	19.83
270.246	-7.53
270.515	0.15
270.784	1.59
271.053	1.65
271.322	1.59
271.591	1.6
271.861	1.6
272.13	1.58
272.399	0.51
272.668	19.55
272.937	-7.82
273.206	-0.09
273.475	1.41
273.744	1.47
274.013	1.44
274.282	1.49
274.551	1.44
274.82	1.42
275.089	0.37
275.358	19.4
275.627	-7.96
275.896	-0.33
276.165	1.05
276.434	1.08
276.703	1.1
276.972	1.05
277.241	0.98
277.51	0.95
277.779	-0.12
278.048	18.88
278.317	-8.49
278.586	-0.81
278.855	0.58
279.124	0.68
279.393	0.65
279.662	0.6
279.93	0.56
280.199	0.52
280.468	-0.51
280.737	18.6
281.006	-8.67
281.275	-0.97
281.544	0.48
281.812	0.61
282.081	0.52
282.35	0.51
282.619	0.5
282.888	0.49
283.156	-0.61
283.425	18.46
283.694	-8.92
283.963	-1.38
284.231	0.02
284.5	0.07
284.769	-0.03
285.038	-0.05
285.306	-0.14
285.575	-0.14
285.844	-1.18
286.112	17.89
286.381	-9.5
286.65	-1.84
286.918	-0.31
287.187	-0.18
287.456	-0.13
287.724	-0.05
287.993	-0.08
288.262	-0.06
288.53	-1.16
288.799	17.93
289.067	-9.38
289.336	-1.75
289.604	-0.28
289.873	-0.22
290.142	-0.27
290.41	-0.31
290.679	-0.43
290.947	-0.36
291.216	-1.41
291.484	17.62
291.753	-9.75
292.021	-2.17
292.29	-0.76
292.558	-0.71
292.827	-0.75
293.095	-0.72
293.364	-0.79
293.632	-0.81
293.901	-1.88
294.169	17.19
294.438	-10.04
294.706	-2.41
294.974	-0.95
295.243	-0.8
295.511	-0.77
295.78	-0.75
296.048	-0.89
296.316	-0.93
296.585	-1.92
296.853	17.07
297.121	-10.25
297.39	-2.71
297.658	-1.25
297.926	-1.07
298.195	-1.08
298.463	-1.17
298.731	-1.22
299	-1.11
299.268	-2.11
299.536	17.03
299.804	-10.22
300.073	-2.6
300.341	-1.08
300.609	-0.91
300.877	-0.97
301.146	-1
301.414	-1.02
301.682	-1.03
301.95	-2.07
302.218	17.02
302.487	-10.35
302.755	-2.79
303.023	-1.37
303.291	-1.3
303.559	-1.29
303.827	-1.3
304.096	-1.32
304.364	-1.29
304.632	-2.35
304.9	16.7
305.168	-10.61
305.436	-2.93
305.704	-1.38
305.972	-1.21
306.24	-1.17
306.508	-1.24
306.776	-1.23
307.045	-1.22
307.313	-2.22
307.581	16.87
307.849	-10.36
308.117	-2.76
308.385	-1.37
308.653	-1.25
308.921	-1.28
309.189	-1.24
309.457	-1.22
309.724	-1.22
309.992	-2.22
310.26	16.76
310.528	-10.52
310.796	-2.98
311.064	-1.51
311.332	-1.3
311.6	-1.35
311.868	-1.37
312.136	-1.49
312.404	-1.47
312.672	-2.54
312.939	16.48
313.207	-10.67
313.475	-3.03
313.743	-1.59
314.011	-1.45
314.279	-1.5
314.546	-1.47
314.814	-1.52
315.082	-1.44
315.35	-2.44
315.618	16.65
315.885	-10.57
316.153	-2.98
316.421	-1.47
316.689	-1.25
316.956	-1.23
317.224	-1.21
317.492	-1.25
317.759	-1.15
318.027	-2.17
318.295	16.78
318.563	-10.45
318.83	-2.83
319.098	-1.36
319.366	-1.24
319.633	-1.31
319.901	-1.32
320.169	-1.3
320.436	-1.28
320.704	-2.33
320.971	16.71
321.239	-10.47
321.507	-2.82
321.774	-1.35
322.042	-1.18
322.309	-1.18
322.577	-1.13
322.844	-1.02
323.112	-1.01
323.38	-1.98
323.647	17.08
323.915	-10.12
324.182	-2.45
324.45	-1.03
324.717	-0.88
324.985	-0.87
325.252	-0.87
325.52	-0.85
325.787	-0.9
326.054	-1.89
326.322	17.15
326.589	-10.1
326.857	-2.51
327.124	-1.06
327.392	-0.89
327.659	-0.92
327.926	-0.97
328.194	-0.96
328.461	-0.93
328.729	-1.94
328.996	17.11
329.263	-10.1
329.531	-2.45
329.798	-0.95
330.065	-0.81
330.333	-0.73
330.6	-0.65
330.867	-0.58
331.135	-0.54
331.402	-1.56
331.669	17.46
331.936	-9.73
332.204	-2.05
332.471	-0.55
332.738	-0.42
333.005	-0.41
333.273	-0.48
333.54	-0.45
333.807	-0.45
334.074	-1.43
334.341	17.63
334.609	-9.5
334.876	-1.88
335.143	-0.4
335.41	-0.25
335.677	-0.2
335.944	-0.15
336.212	-0.12
336.479	-0.1
336.746	-1.06
337.013	17.95
337.28	-9.26
337.547	-1.61
337.814	-0.2
338.081	-0.03
338.348	0.04
338.616	0.09
338.883	0.12
339.15	0.23
339.417	-0.8
339.684	18.26
339.951	-8.87
340.218	-1.27
340.485	0.13
340.752	0.34
341.019	0.28
341.286	0.28
341.553	0.27
341.82	0.37
342.087	-0.71
342.354	18.33
342.62	-8.89
342.887	-1.29
343.154	0.24
343.421	0.45
343.688	0.46
343.955	0.51
344.222	0.51
344.489	0.51
344.756	-0.57
345.023	18.52
345.289	-8.61
345.556	-0.95
345.823	0.52
346.09	0.67
346.357	0.65
346.624	0.73
346.89	0.76
347.157	0.73
347.424	-0.24
347.691	18.79
347.958	-8.42
348.224	-0.82
348.491	0.66
348.758	0.77
349.025	0.72
349.291	0.76
349.558	0.73
349.825	0.77
350.091	-0.19
350.358	18.8
350.625	-8.35
350.891	-0.74
351.158	0.71
351.425	0.92
351.691	0.98
351.958	1.05
352.225	1.1
352.491	1.13
352.758	0.1
353.025	19.16
353.291	-7.9
353.558	-0.28
353.824	1.21
354.091	1.32
354.358	1.24
354.624	1.28
354.891	1.31
355.157	1.34
355.424	0.37
355.69	19.39
355.957	-7.75
356.223	-0.17
356.49	1.35
356.756	1.48
357.023	1.56
357.289	1.54
357.556	1.49
357.822	1.53
358.089	0.48
358.355	19.55
358.622	-7.53
358.888	0.04
359.154	1.49
359.421	1.62
359.687	1.65
359.954	1.67
360.22	1.7
360.486	1.81
360.753	0.84
361.019	19.86
361.286	-7.32
361.552	0.23
361.818	1.77
362.085	1.94
362.351	1.89
362.617	1.97
362.884	1.97
363.15	2.06
363.416	1.04
363.682	19.97
363.949	-7.08
364.215	0.47
364.481	1.93
364.747	2.07
365.014	2.05
365.28	2.17
365.546	2.18
365.812	2.22
366.079	1.21
366.345	20.16
366.611	-6.91
366.877	0.64
367.143	2.18
367.409	2.4
367.676	2.35
367.942	2.35
368.208	2.25
368.474	2.27
368.74	1.25
369.006	20.26
369.272	-6.76
369.538	0.8
369.805	2.3
370.071	2.4
370.337	2.32
370.603	2.28
370.869	2.34
371.135	2.46
371.401	1.41
371.667	20.46
371.933	-6.69
372.199	0.87
372.465	2.37
372.731	2.48
372.997	2.46
373.263	2.51
373.529	2.6
373.795	2.59
374.061	1.51
374.327	20.52
374.593	-6.65
374.859	0.93
375.125	2.39
375.39	2.53
375.656	2.54
375.922	2.64
376.188	2.67
376.454	2.73
376.72	1.72
376.986	20.69
377.252	-6.37
377.517	1.24
377.783	2.75
378.049	2.89
378.315	2.86
378.581	2.84
378.847	2.8
379.112	2.82
379.378	1.73
379.644	20.69
379.91	-6.4
380.175	1.13
380.441	2.6
380.707	2.68
380.973	2.7
381.238	2.73
381.504	2.79
381.77	2.77
382.036	1.75
382.301	20.72
382.567	-6.36
382.833	1.23
383.098	2.74
383.364	2.89
383.63	2.89
383.895	2.87
384.161	2.83
384.427	2.83
384.692	1.84
384.958	20.74
385.223	-6.4
385.489	1.19
385.755	2.65
386.02	2.78
386.286	2.73
386.551	2.75
386.817	2.69
387.082	2.64
387.348	1.6
387.613	20.57
387.879	-6.43
388.144	1.19
388.41	2.66
388.675	2.78
388.941	2.68
389.206	2.65
389.472	2.6
389.737	2.65
390.003	1.69
390.268	20.65
390.534	-6.45
390.799	1.1
391.064	2.54
391.33	2.64
391.595	2.59
391.861	2.66
392.126	2.71
392.391	2.74
392.657	1.7
392.922	20.62
393.188	-6.4
393.453	1.13
393.718	2.55
393.984	2.65
394.249	2.62
394.514	2.68
394.779	2.62
395.045	2.6
395.31	1.61
395.575	20.55
395.841	-6.46
396.106	1.02
396.371	2.44
396.636	2.49
396.902	2.48
397.167	2.5
397.432	2.46
397.697	2.55
397.962	1.5
398.228	20.41
398.493	-6.6
398.758	0.91
399.023	2.32
399.288	2.42
399.553	2.47
399.819	2.51
400.084	2.52
400.349	2.49
400.614	1.44
400.879	20.4
401.144	-6.65
401.409	0.87
401.674	2.29
401.939	2.45
402.204	2.51
402.469	2.54
402.734	2.49
403	2.5
403.265	1.51
403.53	20.36
403.795	-6.77
404.06	0.71
404.325	2.12
404.59	2.22
404.855	2.17
405.12	2.13
405.384	2.08
405.649	2.06
405.914	0.98
406.179	19.89
406.444	-7.1
406.709	0.48
406.974	1.9
407.239	1.99
407.504	1.91
407.769	1.88
408.034	1.87
408.299	1.87
408.563	0.84
408.828	19.68
409.093	-7.39
409.358	0.09
409.623	1.52
409.888	1.67
410.152	1.71
410.417	1.79
410.682	1.78
410.947	1.79
411.212	0.68
411.476	19.6
411.741	-7.37
412.006	0.12
412.271	1.52
412.535	1.61
412.8	1.59
413.065	1.62
413.329	1.58
413.594	1.58
413.859	0.52
414.124	19.45
414.388	-7.53
414.653	-0.02
414.918	1.44
415.182	1.59
415.447	1.61
415.711	1.61
415.976	1.52
416.241	1.53
416.505	0.49
416.77	19.36
417.034	-7.57
417.299	-0.09
417.564	1.3
417.828	1.47
418.093	1.44
418.357	1.48
418.622	1.45
418.886	1.49
419.151	0.42
419.415	19.29
419.68	-7.68
419.944	-0.2
420.209	1.22
420.473	1.41
420.738	1.38
421.002	1.37
421.267	1.31
421.531	1.29
421.796	0.27
422.06	19.17
422.325	-7.8
422.589	-0.28
422.853	1.14
423.118	1.28
423.382	1.24
423.646	1.18
423.911	1.18
424.175	1.17
424.44	0.15
424.704	19.01
424.968	-7.93
425.233	-0.41
425.497	0.98
425.761	1.09
426.026	1.06
426.29	1.06
426.554	1.02
426.818	0.97
427.083	-0.1
427.347	18.77
427.611	-8.16
427.875	-0.69
428.14	0.71
428.404	0.85
428.668	0.85
428.932	0.85
429.197	0.78
429.461	0.8
429.725	-0.24
429.989	18.69
430.253	-8.25
430.517	-0.84
430.782	0.55
431.046	0.72
431.31	0.73
431.574	0.75
431.838	0.66
432.102	0.62
432.366	-0.35
432.63	18.56
432.894	-8.44
433.159	-1.07
433.423	0.38
433.687	0.58
433.951	0.5
434.215	0.44
434.479	0.36
434.743	0.35
435.007	-0.63
435.271	18.2
435.535	-8.74
435.799	-1.2
436.063	0.32
436.327	0.44
436.591	0.41
436.855	0.5
437.119	0.54
437.383	0.6
437.646	-0.38
437.91	18.53
438.174	-8.42
438.438	-0.93
438.702	0.52
438.966	0.69
439.23	0.69
439.494	0.67
439.758	0.6
440.021	0.56
440.285	-0.46
440.549	18.38
440.813	-8.53
441.077	-0.97
441.341	0.42
441.604	0.48
441.868	0.44
442.132	0.46
442.396	0.41
442.66	0.42
442.923	-0.57
443.187	18.2
443.451	-8.71
443.715	-1.3
443.978	0.1
444.242	0.26
444.506	0.26
444.769	0.23
445.033	0.16
445.297	0.17
445.56	-0.86
445.824	17.93
446.088	-8.94
446.351	-1.46
446.615	0.01
446.879	0.09
447.142	0.08
447.406	0.04
447.669	-0.05
447.933	-0.07
448.197	-1.12
448.46	17.71
448.724	-9.16
448.987	-1.71
449.251	-0.32
449.515	-0.26
449.778	-0.28
450.042	-0.33
450.305	-0.33
450.569	-0.25
450.832	-1.22
451.096	17.68
451.359	-9.2
451.623	-1.74
451.886	-0.33
452.15	-0.17
452.413	-0.17
452.676	-0.14
452.94	-0.15
453.203	-0.12
453.467	-1.12
453.73	17.64
453.994	-9.3
454.257	-1.81
454.52	-0.38
454.784	-0.29
455.047	-0.33
455.31	-0.27
455.574	-0.24
455.837	-0.24
456.1	-1.29
456.364	17.53
456.627	-9.29
456.89	-1.82
457.154	-0.41
457.417	-0.33
457.68	-0.34
457.944	-0.28
458.207	-0.39
458.47	-0.44
458.733	-1.39
458.997	17.47
459.26	-9.36
459.523	-1.87
459.786	-0.43
460.049	-0.33
460.313	-0.3
460.576	-0.24
460.839	-0.31
461.102	-0.29
461.365	-1.31
461.628	17.49
461.892	-9.4
462.155	-2.01
462.418	-0.67
462.681	-0.5
462.944	-0.51
463.207	-0.46
463.47	-0.49
463.733	-0.48
463.996	-1.42
464.26	17.44
464.523	-9.43
464.786	-1.99
465.049	-0.54
465.312	-0.33
465.575	-0.38
465.838	-0.32
466.101	-0.31
466.364	-0.27
466.627	-1.23
466.89	17.55
467.153	-9.33
467.416	-1.94
467.679	-0.41
467.942	-0.27
468.205	-0.29
468.467	-0.31
468.73	-0.33
468.993	-0.34
469.256	-1.41
469.519	17.42
469.782	-9.39
470.045	-1.92
470.308	-0.42
470.571	-0.36
470.834	-0.33
471.096	-0.34
471.359	-0.31
471.622	-0.33
471.885	-1.33
472.148	17.52
472.41	-9.33
472.673	-1.87
472.936	-0.43
473.199	-0.31
473.462	-0.34
473.724	-0.33
473.987	-0.29
474.25	-0.25
474.513	-1.25
474.775	17.57
475.038	-9.24
475.301	-1.75
475.563	-0.33
475.826	-0.19
476.089	-0.22
476.352	-0.13
476.614	-0.17
476.877	-0.13
477.139	-1.11
477.402	17.69
477.665	-9.16
477.927	-1.75
478.19	-0.32
478.453	-0.22
478.715	-0.21
478.978	-0.12
479.24	-0.17
479.503	-0.09
479.766	-1.05
480.028	17.75
480.291	-9.06
480.553	-1.56
480.816	-0.11
481.078	-0.02
481.341	-0.06
481.603	-0
481.866	-0.03
482.128	0.03
482.391	-1.02
482.653	17.72
482.916	-9.07
483.178	-1.55
483.441	-0.14
483.703	0.01
483.965	0.05
484.228	0.13
484.49	0.06
484.753	0.05
485.015	-0.99
485.277	17.79
485.54	-8.97
485.802	-1.58
486.065	-0.17
486.327	-0.02
486.589	0
486.852	0.07
487.114	0.04
487.376	0.11
487.638	-0.88
487.901	18
488.163	-8.71
488.425	-1.29
488.688	0.16
488.95	0.26
489.212	0.27
489.474	0.3
489.737	0.24
489.999	0.3
490.261	-0.73
490.523	18.08
490.786	-8.72
491.048	-1.24
491.31	0.23
491.572	0.39
491.834	0.45
492.096	0.51
492.359	0.52
492.621	0.57
492.883	-0.42
493.145	18.4
493.407	-8.35
493.669	-0.89
493.931	0.5
494.193	0.67
494.455	0.7
494.718	0.72
494.98	0.65
495.242	0.64
495.504	-0.35
495.766	18.43
496.028	-8.34
496.29	-0.89
496.552	0.49
496.814	0.6
497.076	0.55
497.338	0.56
497.6	0.54
497.862	0.62
498.124	-0.39
498.386	18.37
498.648	-8.44
498.91	-1.01
499.172	0.44
499.433	0.63
499.695	0.63
499.957	0.7
500.219	0.69
500.481	0.73
500.743	-0.27
501.005	18.61
501.267	-8.1
501.529	-0.57
501.79	0.9
502.052	1.05
502.314	1.01
502.576	1.08
502.838	1.06
503.099	1.09
503.361	0.02
503.623	18.82
503.885	-8.02
504.147	-0.6
504.408	0.81
504.67	0.93
504.932	0.95
505.194	1.05
505.455	1.01
505.717	0.98
505.979	-0.02
506.24	18.78
506.502	-8
506.764	-0.5
507.025	0.9
507.287	0.98
507.549	0.98
507.81	0.97
508.072	0.91
508.334	0.91
508.595	-0.05
508.857	18.72
509.119	-7.96
509.38	-0.53
509.642	0.87
509.903	1.03
510.165	1.1
510.426	1.23
510.688	1.27
510.949	1.34
511.211	0.36
511.473	19.19
511.734	-7.5
511.996	-0.04
512.257	1.39
512.519	1.55
512.78	1.58
513.042	1.58
513.303	1.45
513.564	1.4
513.826	0.38
514.087	19.16
514.349	-7.65
514.61	-0.26
514.872	1.09
515.133	1.25
515.394	1.23
515.656	1.27
515.917	1.25
516.179	1.34
516.44	0.39
516.701	19.14
516.963	-7.6
517.224	-0.08
517.485	1.36
517.747	1.5
518.008	1.46
518.269	1.51
518.53	1.5
518.792	1.53
519.053	0.55
519.314	19.3
519.576	-7.37
519.837	-0.01
520.098	1.37
520.359	1.48
520.62	1.49
520.882	1.56
521.143	1.48
521.404	1.48
521.665	0.52
521.926	19.26
522.188	-7.44
522.449	-0.04
522.71	1.41
522.971	1.51
523.232	1.52
523.493	1.54
523.755	1.54
524.016	1.59
524.277	0.63
524.538	19.37
524.799	-7.37
525.06	0.02
525.321	1.45
525.582	1.65
525.843	1.71
526.104	1.73
526.365	1.74
526.626	1.75
526.887	0.78
527.148	19.51
527.409	-7.14
527.67	0.26
527.931	1.71
528.192	1.85
528.453	1.79
528.714	1.83
528.975	1.87
529.236	1.9
529.497	0.92
529.758	19.63
530.019	-7.08
530.28	0.26
530.541	1.71
530.801	1.82
531.062	1.78
531.323	1.85
531.584	1.8
531.845	1.8
532.106	0.75
532.367	19.46
532.627	-7.21
532.888	0.19
533.149	1.62
533.41	1.75
533.671	1.76
533.931	1.77
534.192	1.7
534.453	1.68
534.714	0.67
534.974	19.41
535.235	-7.23
535.496	0.17
535.757	1.59
536.017	1.77
536.278	1.81
536.539	1.83
536.799	1.84
537.06	1.91
537.321	0.98
537.581	19.75
537.842	-6.91
538.103	0.45
538.363	1.74
538.624	1.85
538.885	1.82
539.145	1.73
539.406	1.69
539.666	1.71
539.927	0.67
540.188	19.39
540.448	-7.34
540.709	0.06
540.969	1.5
541.23	1.68
541.49	1.68
541.751	1.67
542.011	1.66
542.272	1.69
542.532	0.65
542.793	19.35
543.053	-7.35
543.314	0.07
543.574	1.49
543.835	1.64
544.095	1.67
544.356	1.7
544.616	1.76
544.876	1.84
545.137	0.85
545.397	19.61
545.658	-7
545.918	0.42
546.178	1.84
546.439	1.99
546.699	2.03
546.959	2.12
547.22	2.14
547.48	2.17
547.74	1.16
548.001	19.85
548.261	-6.84
548.521	0.53
548.782	1.92
549.042	2.01
549.302	1.96
549.562	1.92
549.823	1.88
550.083	1.88
550.343	0.8
550.603	19.47
550.864	-7.15
551.124	0.22
551.384	1.62
551.644	1.73
551.904	1.76
552.165	1.79
552.425	1.74
552.685	1.71
552.945	0.65
553.205	19.37
553.465	-7.27
553.725	0.12
553.986	1.55
554.246	1.72
554.506	1.7
554.766	1.66
555.026	1.62
555.286	1.64
555.546	0.65
555.806	19.35
556.066	-7.32
556.326	0.04
556.586	1.44
556.846	1.59
557.106	1.55
557.366	1.56
557.626	1.59
557.886	1.58
558.146	0.59
558.406	19.35
558.666	-7.25
558.926	0.15
559.186	1.61
559.446	1.74
559.706	1.71
559.966	1.69
560.226	1.67
560.486	1.67
560.746	0.7
561.005	19.36
561.265	-7.32
561.525	0.07
561.785	1.46
562.045	1.52
562.305	1.5
562.564	1.59
562.824	1.61
563.084	1.6
563.344	0.63
563.604	19.28
563.863	-7.27
564.123	0.17
564.383	1.64
564.643	1.74
564.903	1.8
565.162	1.83
565.422	1.72
565.682	1.71
565.941	0.69
566.201	19.33
566.461	-7.22
566.721	0.14
566.98	1.53
567.24	1.56
567.5	1.6
567.759	1.57
568.019	1.51
568.278	1.58
568.538	0.59
568.798	19.41
569.057	-7.19
569.317	0.12
569.577	1.53
569.836	1.64
570.096	1.67
570.355	1.7
570.615	1.7
570.874	1.71
571.134	0.71
571.393	19.46
571.653	-7.18
571.912	0.19
572.172	1.63
572.431	1.73
572.691	1.67
572.95	1.65
573.21	1.67
573.469	1.7
573.729	0.73
573.988	19.36
574.248	-7.33
574.507	-0.02
574.767	1.44
575.026	1.59
575.285	1.57
575.545	1.65
575.804	1.65
576.063	1.65
576.323	0.68
576.582	19.4
576.842	-7.17
577.101	0.2
577.36	1.58
577.62	1.66
577.879	1.62
578.138	1.62
578.397	1.59
578.657	1.59
578.916	0.59
579.175	19.22
579.435	-7.43
579.694	-0.08
579.953	1.38
580.212	1.55
580.471	1.53
580.731	1.51
580.99	1.51
581.249	1.52
581.508	0.51
581.767	19.12
582.027	-7.37
582.286	0
582.545	1.4
582.804	1.46
583.063	1.43
583.322	1.44
583.581	1.43
583.841	1.42
584.1	0.39
584.359	19.1
584.618	-7.4
584.877	-0.13
585.136	1.25
585.395	1.39
585.654	1.42
585.913	1.53
586.172	1.54
586.431	1.58
586.69	0.62
586.949	19.35
587.208	-7.25
587.467	0.09
587.726	1.59
587.985	1.74
588.244	1.74
588.503	1.71
588.762	1.67
589.021	1.68
589.28	0.67
589.539	19.35
589.798	-7.21
590.057	0.12
590.316	1.5
590.574	1.56
590.833	1.57
591.092	1.56
591.351	1.61
591.61	1.63
591.869	0.62
592.128	19.33
592.386	-7.27
592.645	0.06
592.904	1.51
593.163	1.67
593.422	1.65
593.68	1.64
593.939	1.64
594.198	1.57
594.457	0.49
594.715	19.1
594.974	-7.5
595.233	-0.19
595.492	1.2
595.75	1.3
596.009	1.29
596.268	1.25
596.526	1.18
596.785	1.19
597.044	0.23
597.302	18.95
597.561	-7.52
597.82	-0.17
598.078	1.29
598.337	1.44
598.595	1.44
598.854	1.42
599.113	1.4
599.371	1.5
599.63	0.53
599.888	19.22
600.147	-7.39
600.405	-0.04
600.664	1.37
600.923	1.46
601.181	1.43
601.44	1.46
601.698	1.44
601.957	1.47
602.215	0.45
602.474	19.07
602.732	-7.45
602.99	-0.07
603.249	1.23
603.507	1.38
603.766	1.46
604.024	1.57
604.283	1.5
604.541	1.53
604.799	0.58
605.058	19.27
605.316	-7.23
605.575	0.1
605.833	1.5
606.091	1.74
606.35	1.79
606.608	1.8
606.866	1.72
607.125	1.72
607.383	0.73
607.641	19.39
607.9	-7.14
608.158	0.21
608.416	1.58
608.674	1.73
608.933	1.66
609.191	1.59
609.449	1.52
609.707	1.53
609.966	0.61
610.224	19.3
610.482	-7.25
610.74	0.05
610.998	1.49
611.257	1.61
611.515	1.56
611.773	1.61
612.031	1.61
612.289	1.64
612.547	0.61
612.806	19.28
613.064	-7.27
613.322	0.04
613.58	1.48
613.838	1.55
614.096	1.6
614.354	1.65
614.612	1.62
614.87	1.65
615.128	0.62
615.386	19.32
615.644	-7.24
615.902	0.11
616.16	1.55
616.418	1.59
616.676	1.54
616.934	1.45
617.192	1.39
617.45	1.36
617.708	0.34
617.966	19.01
618.224	-7.61
618.482	-0.29
618.74	1.08
618.998	1.16
619.256	1.23
619.514	1.3
619.772	1.33
620.03	1.4
620.287	0.43
620.545	19.1
620.803	-7.49
621.061	-0.14
621.319	1.26
621.577	1.37
621.834	1.4
622.092	1.4
622.35	1.41
622.608	1.45
622.866	0.42
623.123	19.07
623.381	-7.45
623.639	-0.1
623.897	1.28
624.154	1.36
624.412	1.42
624.67	1.46
624.928	1.42
625.185	1.36
625.443	0.33
625.701	18.95
625.958	-7.62
626.216	-0.32
626.474	1.15
626.731	1.35
626.989	1.31
627.247	1.25
627.504	1.23
627.762	1.31
628.02	0.36
628.277	19.06
628.535	-7.43
628.792	-0.08
629.05	1.34
629.307	1.42
629.565	1.39
629.823	1.47
630.08	1.46
630.338	1.44
630.595	0.43
630.853	19.06
631.11	-7.51
631.368	-0.21
631.625	1.2
631.883	1.32
632.14	1.37
632.397	1.37
632.655	1.37
632.912	1.49
633.17	0.48
633.427	19.1
633.685	-7.42
633.942	-0.08
634.199	1.35
634.457	1.44
634.714	1.41
634.972	1.37
635.229	1.37
635.486	1.38
635.744	0.33
636.001	18.95
636.258	-7.58
636.516	-0.23
636.773	1.22
637.03	1.39
637.288	1.38
637.545	1.42
637.802	1.43
638.059	1.47
638.317	0.43
638.574	19.05
638.831	-7.44
639.088	-0.15
639.346	1.17
639.603	1.22
639.86	1.17
640.117	1.21
640.374	1.19
640.631	1.13
640.889	0.11
641.146	18.77
641.403	-7.75
641.66	-0.4
641.917	1.02
642.174	1.15
642.431	1.15
642.689	1.14
642.946	1.15
643.203	1.12
643.46	0.18
643.717	18.8
643.974	-7.73
644.231	-0.37
644.488	1.03
644.745	1.12
645.002	1.16
645.259	1.19
645.516	1.19
645.773	1.21
646.03	0.25
646.287	18.88
646.544	-7.57
646.801	-0.22
647.058	1.2
647.315	1.28
647.572	1.31
647.829	1.31
648.086	1.27
648.343	1.25
648.6	0.23
648.856	18.82
649.113	-7.68
649.37	-0.41
649.627	0.98
649.884	1
650.141	1.02
650.398	1.06
650.654	1.05
650.911	1.16
651.168	0.23
651.425	18.87
651.682	-7.57
651.938	-0.26
652.195	1.14
652.452	1.24
652.709	1.31
652.965	1.32
653.222	1.24
653.479	1.27
653.736	0.15
653.992	18.74
654.249	-7.79
654.506	-0.52
654.762	0.85
655.019	1
655.276	1
655.532	1.06
655.789	1.01
656.046	1.08
656.302	0.06
656.559	18.79
656.816	-7.73
657.072	-0.42
657.329	1.05
657.585	1.18
657.842	1.17
658.099	1.2
658.355	1.12
658.612	1.15
658.868	0.13
659.125	18.73
659.381	-7.8
659.638	-0.47
659.894	0.95
660.151	1.07
660.407	1.11
660.664	1.09
660.92	1.07
661.177	1.05
661.433	0.06
661.69	18.75
661.946	-7.7
662.203	-0.36
662.459	1.05
662.715	1.15
662.972	1.19
663.228	1.22
663.485	1.23
663.741	1.22
663.997	0.31
664.254	18.93
664.51	-7.6
664.766	-0.28
665.023	1.07
665.279	1.18
665.535	1.19
665.792	1.13
666.048	1.06
666.304	1.08
666.56	0.07
666.817	18.61
667.073	-7.85
667.329	-0.58
667.586	0.79
667.842	0.95
668.098	1.01
668.354	1.06
668.61	1.03
668.867	1.02
669.123	-0.01
669.379	18.66
669.635	-7.73
669.891	-0.41
670.147	1.09
670.404	1.21
670.66	1.23
670.916	1.25
671.172	1.23
671.428	1.27
671.684	0.33
671.94	18.95
672.196	-7.56
672.452	-0.28
672.708	1.06
672.965	1.15
673.221	1.11
673.477	1.09
673.733	1.04
673.989	1.05
674.245	0.01
674.501	18.67
674.757	-7.85
675.013	-0.52
675.269	0.8
675.525	0.96
675.781	0.95
676.037	0.99
676.292	0.98
676.548	1.03
676.804	0.06
677.06	18.75
677.316	-7.74
677.572	-0.37
677.828	1.04
678.084	1.22
678.34	1.16
678.596	1.16
678.851	1.11
679.107	1.08
679.363	0.05
679.619	18.67
679.875	-7.87
680.131	-0.59
680.386	0.82
680.642	0.92
680.898	0.93
681.154	1
681.409	0.99
681.665	1.01
681.921	0.01
682.177	18.61
682.432	-7.88
682.688	-0.54
682.944	0.89
683.199	0.99
683.455	1
683.711	1.01
683.967	1.01
684.222	0.98
684.478	-0.05
684.734	18.57
684.989	-7.9
685.245	-0.6
685.5	0.82
685.756	0.94
686.012	0.94
686.267	0.96
686.523	0.93
686.778	0.88
687.034	-0.07
687.289	18.62
687.545	-7.81
687.801	-0.53
688.056	0.88
688.312	0.98
688.567	0.97
688.823	1.03
689.078	0.91
689.334	0.96
689.589	-0
689.845	18.56
690.1	-7.9
690.355	-0.57
690.611	0.86
690.866	1.03
691.122	0.99
691.377	1
691.633	0.93
691.888	0.99
692.143	0.01
692.399	18.66
692.654	-7.79
692.909	-0.51
693.165	0.88
693.42	0.99
693.675	0.98
693.931	1.01
694.186	0.99
694.441	1.04
694.697	0.1
694.952	18.67
695.207	-7.82
695.463	-0.53
695.718	0.9
695.973	1.06
696.228	1.1
696.484	1.1
696.739	0.99
696.994	1.01
697.249	0.01
697.504	18.6
697.76	-7.86
698.015	-0.55
698.27	0.9
698.525	1.03
698.78	0.99
699.035	0.99
699.291	0.94
699.546	1.09
699.801	0.11
700.056	18.71
700.311	-7.76
700.566	-0.44
700.821	0.96
701.076	1.01
701.331	0.98
701.586	0.98
701.841	0.94
702.096	0.99
702.351	-0.09
702.606	18.49
702.862	-7.99
703.117	-0.69
703.372	0.74
703.626	0.87
703.881	0.89
704.136	0.91
704.391	0.92
704.646	0.94
704.901	-0.07
705.156	18.58
705.411	-7.83
705.666	-0.52
705.921	0.92
706.176	0.98
706.431	0.93
706.686	0.95
706.94	0.9
707.195	0.86
707.45	-0.08
707.705	18.54
707.96	-7.95
708.215	-0.72
708.469	0.75
708.724	0.9
708.979	0.96
709.234	1.02
709.489	1.04
709.743	1.07
709.998	0.08
710.253	18.65
710.508	-7.81
710.762	-0.5
711.017	0.96
711.272	1.02
711.527	0.93
711.781	0.96
712.036	0.93
712.291	0.91
712.545	-0.11
712.8	18.5
713.055	-7.94
713.309	-0.65
713.564	0.76
713.818	0.86
714.073	0.88
714.328	0.92
714.582	0.84
714.837	0.85
715.091	-0.13
715.346	18.48
715.601	-7.96
715.855	-0.69
716.11	0.71
716.364	0.82
716.619	0.74
716.873	0.74
717.128	0.75
717.382	0.72
717.637	-0.26
717.891	18.35
718.146	-8.11
718.4	-0.81
718.655	0.6
718.909	0.68
719.164	0.62
719.418	0.69
719.672	0.67
719.927	0.72
720.181	-0.25
720.436	18.34
720.69	-8.11
720.944	-0.78
721.199	0.58
721.453	0.61
721.707	0.61
721.962	0.66
722.216	0.64
722.47	0.68
722.725	-0.39
722.979	18.23
723.233	-8.2
723.488	-0.93
723.742	0.49
723.996	0.67
724.25	0.74
724.505	0.78
724.759	0.76
725.013	0.84
725.267	-0.18
725.522	18.42
725.776	-8.04
726.03	-0.73
726.284	0.68
726.538	0.74
726.792	0.67
727.047	0.75
727.301	0.73
727.555	0.76
727.809	-0.3
728.063	18.32
728.317	-8.09
728.571	-0.76
728.825	0.65
729.08	0.82
729.334	0.83
729.588	0.87
729.842	0.8
730.096	0.8
730.35	-0.22
730.604	18.36
730.858	-8.09
731.112	-0.79
731.366	0.63
731.62	0.72
731.874	0.65
732.128	0.67
732.382	0.67
732.636	0.64
732.89	-0.28
733.144	18.31
733.398	-8.14
733.652	-0.85
733.905	0.55
734.159	0.64
734.413	0.69
734.667	0.77
734.921	0.82
735.175	0.83
735.429	-0.1
735.683	18.47
735.936	-7.94
736.19	-0.62
736.444	0.77
736.698	0.86
736.952	0.88
737.205	0.87
737.459	0.85
737.713	0.81
737.967	-0.21
738.221	18.34
738.474	-8.14
738.728	-0.83
738.982	0.56
739.236	0.68
739.489	0.63
739.743	0.68
739.997	0.67
740.25	0.67
740.504	-0.28
740.758	18.33
741.011	-8.06
741.265	-0.74
741.519	0.65
741.772	0.74
742.026	0.74
742.28	0.86
742.533	0.79
742.787	0.82
743.04	-0.19
743.294	18.38
743.547	-8.07
743.801	-0.8
744.055	0.59
744.308	0.75
744.562	0.81
744.815	0.86
745.069	0.8
745.322	0.81
745.576	-0.21
745.829	18.41
746.083	-8.01
746.336	-0.69
746.59	0.69
746.843	0.87
747.097	0.84
747.35	0.81
747.603	0.73
747.857	0.76
748.11	-0.24
748.364	18.36
748.617	-8.09
748.87	-0.8
749.124	0.58
749.377	0.75
749.63	0.71
749.884	0.74
750.137	0.7
750.39	0.77
750.644	-0.2
750.897	18.39
751.15	-8
751.404	-0.7
751.657	0.71
751.91	0.85
752.164	0.85
752.417	0.88
752.67	0.88
752.923	0.92
753.176	-0.07
753.43	18.49
753.683	-7.91
753.936	-0.65
754.189	0.71
754.442	0.79
754.696	0.76
754.949	0.7
755.202	0.69
755.455	0.72
755.708	-0.28
755.961	18.32
756.214	-8.14
756.468	-0.86
756.721	0.51
756.974	0.68
757.227	0.72
757.48	0.79
757.733	0.77
757.986	0.7
758.239	-0.36
758.492	18.24
758.745	-8.2
758.998	-0.84
759.251	0.53
759.504	0.66
759.757	0.61
760.01	0.61
760.263	0.55
760.516	0.64
760.769	-0.3
761.022	18.35
761.275	-8.08
761.528	-0.84
761.781	0.54
762.034	0.68
762.287	0.62
762.54	0.66
762.792	0.63
763.045	0.61
763.298	-0.42
763.551	18.18
763.804	-8.23
764.057	-0.93
764.31	0.51
764.562	0.67
764.815	0.65
765.068	0.69
765.321	0.64
765.574	0.7
765.826	-0.28
766.079	18.29
766.332	-8.09
766.585	-0.81
766.837	0.6
767.09	0.72
767.343	0.71
767.595	0.72
767.848	0.72
768.101	0.79
768.354	-0.23
768.606	18.38
768.859	-8
769.112	-0.81
769.364	0.59
769.617	0.68
769.869	0.7
770.122	0.64
770.375	0.61
770.627	0.59
770.88	-0.45
771.132	18.19
771.385	-8.19
771.638	-0.93
771.89	0.45
772.143	0.55
772.395	0.58
772.648	0.57
772.9	0.61
773.153	0.66
773.405	-0.32
773.658	18.35
773.91	-8.11
774.163	-0.88
774.415	0.54
774.668	0.7
774.92	0.74
775.173	0.72
775.425	0.66
775.677	0.68
775.93	-0.32
776.182	18.29
776.435	-8.21
776.687	-0.93
776.939	0.51
777.192	0.61
777.444	0.62
777.696	0.63
777.949	0.61
778.201	0.65
778.453	-0.36
778.706	18.28
778.958	-8.14
779.21	-0.84
779.463	0.55
779.715	0.72
779.967	0.76
780.219	0.73
780.472	0.64
780.724	0.65
780.976	-0.33
781.228	18.25
781.481	-8.22
781.733	-0.98
781.985	0.46
782.237	0.53
782.489	0.41
782.741	0.39
782.994	0.41
783.246	0.43
783.498	-0.54
783.75	18.01
784.002	-8.44
784.254	-1.18
784.506	0.24
784.758	0.34
785.011	0.4
785.263	0.44
785.515	0.41
785.767	0.43
786.019	-0.52
786.271	18.09
786.523	-8.29
786.775	-0.95
787.027	0.45
787.279	0.61
787.531	0.57
787.783	0.58
788.035	0.61
788.287	0.62
788.539	-0.32
788.791	18.29
789.043	-8.11
789.295	-0.86
789.546	0.59
789.798	0.75
790.05	0.75
790.302	0.86
790.554	0.85
790.806	0.84
791.058	-0.19
791.31	18.31
791.561	-8.12
791.813	-0.84
792.065	0.56
792.317	0.57
792.569	0.54
792.821	0.53
793.072	0.49
793.324	0.47
793.576	-0.5
793.828	18.18
794.079	-8.17
794.331	-0.91
794.583	0.57
794.835	0.69
795.086	0.79
795.338	0.84
795.59	0.86
795.841	0.89
796.093	-0.08
796.345	18.47
796.596	-7.98
796.848	-0.67
797.1	0.77
797.351	0.86
797.603	0.85
797.855	0.87
798.106	0.77
798.358	0.76
798.609	-0.27
798.861	18.31
799.113	-8.06
799.364	-0.77
799.616	0.63
799.867	0.77
800.119	0.77
800.37	0.77
800.622	0.73
800.873	0.76
801.125	-0.24
801.376	18.35
801.628	-8.06
801.879	-0.82
802.131	0.58
802.382	0.69
802.634	0.57
802.885	0.5
803.137	0.5
803.388	0.5
803.639	-0.49
803.891	18.09
804.142	-8.29
804.394	-1.03
804.645	0.38
804.896	0.46
805.148	0.42
805.399	0.48
805.65	0.45
805.902	0.5
806.153	-0.45
806.404	18.16
806.656	-8.22
806.907	-0.93
807.158	0.54
807.409	0.69
807.661	0.72
807.912	0.76
808.163	0.79
808.414	0.88
808.666	-0.11
808.917	18.44
809.168	-8.01
809.419	-0.73
809.67	0.68
809.922	0.77
810.173	0.78
810.424	0.77
810.675	0.75
810.926	0.75
811.177	-0.24
811.428	18.32
811.68	-8.07
811.931	-0.77
812.182	0.61
812.433	0.68
812.684	0.65
812.935	0.63
813.186	0.67
813.437	0.66
813.688	-0.34
813.939	18.22
814.19	-8.18
814.441	-0.93
814.692	0.5
814.943	0.6
815.194	0.65
815.445	0.69
815.696	0.7
815.947	0.7
816.198	-0.24
816.449	18.31
816.7	-8.03
816.951	-0.74
817.202	0.65
817.453	0.74
817.704	0.75
817.954	0.7
818.205	0.68
818.456	0.62
818.707	-0.34
818.958	18.17
819.209	-8.3
819.46	-1.04
819.71	0.31
819.961	0.42
820.212	0.42
820.463	0.49
820.714	0.53
820.964	0.54
821.215	-0.41
821.466	18.15
821.717	-8.22
821.967	-0.87
822.218	0.54
822.469	0.74
822.72	0.79
822.97	0.82
823.221	0.79
823.472	0.82
823.722	-0.13
823.973	18.51
824.224	-7.92
824.474	-0.58
824.725	0.85
824.975	0.92
825.226	0.87
825.477	0.9
825.727	0.84
825.978	0.83
826.229	-0.18
826.479	18.35
826.73	-8.12
826.98	-0.82
827.231	0.56
827.481	0.66
827.732	0.66
827.982	0.68
828.233	0.63
828.483	0.7
828.734	-0.28
828.984	18.28
829.235	-8.1
829.485	-0.81
829.736	0.57
829.986	0.65
830.237	0.6
830.487	0.63
830.737	0.6
830.988	0.61
831.238	-0.38
831.489	18.26
831.739	-8.14
831.989	-0.84
832.24	0.59
832.49	0.76
832.74	0.76
832.991	0.82
833.241	0.81
833.491	0.85
833.742	-0.13
833.992	18.46
834.242	-7.98
834.493	-0.7
834.743	0.69
834.993	0.8
835.243	0.74
835.494	0.77
835.744	0.74
835.994	0.75
836.244	-0.24
836.494	18.36
836.745	-8.08
836.995	-0.83
837.245	0.58
837.495	0.7
837.745	0.68
837.996	0.69
838.246	0.62
838.496	0.66
838.746	-0.37
838.996	18.16
839.246	-8.23
839.496	-0.97
839.746	0.41
839.996	0.48
840.246	0.4
840.497	0.4
840.747	0.41
840.997	0.43
841.247	-0.58
841.497	18.03
841.747	-8.31
841.997	-1.01
842.247	0.43
842.497	0.6
842.747	0.66
842.997	0.68
843.247	0.66
843.496	0.66
843.746	-0.26
843.996	18.36
844.246	-8.11
844.496	-0.88
844.746	0.46
844.996	0.57
845.246	0.45
845.496	0.46
845.746	0.5
845.995	0.54
846.245	-0.45
846.495	18.09
846.745	-8.34
846.995	-0.98
847.245	0.46
847.494	0.62
847.744	0.6
847.994	0.69
848.244	0.69
848.493	0.75
848.743	-0.2
848.993	18.38
849.243	-8.04
849.492	-0.74
849.742	0.66
849.992	0.75
850.242	0.74
850.491	0.79
850.741	0.75
850.991	0.72
851.24	-0.31
851.49	18.3
851.74	-8.11
851.989	-0.79
852.239	0.64
852.488	0.75
852.738	0.75
852.988	0.76
853.237	0.72
853.487	0.77
853.736	-0.2
853.986	18.36
854.235	-8.08
854.485	-0.83
854.735	0.55
854.984	0.66
855.234	0.62
855.483	0.6
855.733	0.59
855.982	0.65
856.232	-0.39
856.481	18.16
856.73	-8.22
856.98	-0.9
857.229	0.61
857.479	0.75
857.728	0.77
857.978	0.83
858.227	0.82
858.476	0.83
858.726	-0.18
858.975	18.49
859.225	-7.86
859.474	-0.68
859.723	0.64
859.973	0.66
860.222	0.6
860.471	0.58
860.721	0.55
860.97	0.61
861.219	-0.34
861.468	18.23
861.718	-8.28
861.967	-1.06
862.216	0.42
862.465	0.62
862.715	0.68
862.964	0.71
863.213	0.65
863.462	0.67
863.712	-0.33
863.961	18.19
864.21	-8.21
864.459	-0.89
864.708	0.55
864.957	0.66
865.207	0.64
865.456	0.61
865.705	0.63
865.954	0.67
866.203	-0.33
866.452	18.23
866.701	-8.14
866.95	-0.91
867.199	0.49
867.448	0.59
867.698	0.65
867.947	0.63
868.196	0.58
868.445	0.56
868.694	-0.37
868.943	18.25
869.192	-8.13
869.441	-0.88
869.69	0.54
869.939	0.69
870.188	0.73
870.436	0.7
870.685	0.7
870.934	0.73
871.183	-0.2
871.432	18.3
871.681	-8.11
871.93	-0.83
872.179	0.61
872.428	0.8
872.677	0.84
872.925	0.86
873.174	0.83
873.423	0.86
873.672	-0.15
873.921	18.45
874.17	-7.87
874.418	-0.61
874.667	0.76
874.916	0.84
875.165	0.79
875.413	0.77
875.662	0.74
875.911	0.72
876.16	-0.29
876.408	18.34
876.657	-8.09
876.906	-0.85
877.155	0.55
877.403	0.67
877.652	0.72
877.901	0.7
878.149	0.65
878.398	0.62
878.647	-0.3
878.895	18.3
879.144	-8.04
879.392	-0.76
879.641	0.64
879.89	0.76
880.138	0.79
880.387	0.76
880.635	0.79
880.884	0.88
881.132	-0.04
881.381	18.55
881.63	-7.88
881.878	-0.62
882.127	0.72
882.375	0.87
882.624	0.88
882.872	0.89
883.121	0.92
883.369	0.9
883.617	-0.09
883.866	18.47
884.114	-7.96
884.363	-0.61
884.611	0.77
884.86	0.97
885.108	0.93
885.356	0.91
885.605	0.9
885.853	0.95
886.102	0.03
886.35	18.63
886.598	-7.77
886.847	-0.49
887.095	0.89
887.343	1
887.592	0.94
887.84	0.98
888.088	1.02
888.336	1.06
888.585	0.07
888.833	18.59
889.081	-7.86
889.329	-0.55
889.578	0.85
889.826	0.95
890.074	0.95
890.322	1.01
890.571	0.97
890.819	0.95
891.067	-0.09
891.315	18.45
891.563	-7.91
891.811	-0.6
892.06	0.81
892.308	0.91
892.556	0.91
892.804	0.94
893.052	0.95
893.3	1.03
893.548	0.07
893.796	18.68
894.044	-7.67
894.292	-0.38
894.54	1.02
894.788	1.13
895.036	1.14
895.284	1.12
895.533	1.08
895.781	1.08
896.028	0.06
896.276	18.67
896.524	-7.7
896.772	-0.47
897.02	0.99
897.268	1.15
897.516	1.16
897.764	1.25
898.012	1.32
898.26	1.36
898.508	0.39
898.756	19.04
899.004	-7.35
899.252	-0.09
899.499	1.39
899.747	1.46
899.995	1.44
900.243	1.42
900.491	1.38
900.739	1.35
900.986	0.44
901.234	19.07
901.482	-7.31
901.73	-0.03
901.978	1.42
902.225	1.55
902.473	1.58
902.721	1.64
902.968	1.69
903.216	1.75
903.464	0.88
903.712	19.47
903.959	-6.89
904.207	0.43
904.455	1.97
904.702	2.19
904.95	2.23
905.198	2.33
905.445	2.42
905.693	2.58
905.941	1.71
906.188	20.42
906.436	-5.77
906.683	1.71
906.931	3.37
907.178	3.82
907.426	4.37
907.674	5.16
907.921	6.19
908.169	7.39
908.416	7.74
908.664	27.5
908.911	2.02
909.159	10.02
909.406	12.33
909.654	13.39
909.901	14.69
910.149	16.7
910.396	23
910.644	40.11
910.891	89.52
911.138	201.51
911.386	328.69
911.633	540.63
911.881	807.88
912.128	1127.64
912.375	1507.67
912.623	1945.26
912.87	2444.11
913.117	3006.41
913.365	3637.97
913.612	4329.39
913.859	5011.38
914.107	5737.29
914.354	6468.11
914.601	7172.52
914.849	7863.02
915.096	8521.86
915.343	9147.84
915.59	9718.75
915.838	10239.44
916.085	10706.77
916.332	11053.49
916.579	11358.12
916.827	11576.95
917.074	11719.17
917.321	11820.71
917.568	11859.1
917.815	11847.18
918.062	11805.9
918.31	11739.65
918.557	11665.74
918.804	11511.23
919.051	11362.79
919.298	11188.21
919.545	11001.18
919.792	10806.27
920.039	10587.05
920.286	10370.49
920.534	10143.1
920.781	9896.31
921.028	9659.16
921.275	9348.61
921.522	9059.35
921.769	8759.76
922.016	8434.34
922.263	8078.69
922.51	7679.39
922.757	7233.4
923.004	6728.32
923.251	6179.67
923.498	5594.25
923.745	4929.66
923.992	4283.96
924.238	3638.69
924.485	3008.76
924.732	2415.19
924.979	1870.54
925.226	1389.93
925.473	984.49
925.72	657.03
925.967	423.88
926.214	224.47
926.46	119.57
926.707	60.47
926.954	33.33
927.201	23.19
927.448	18.34
927.694	15.48
927.941	13.66
928.188	11.19
928.435	28.73
928.682	1.24
928.928	7.73
929.175	8.38
929.422	7.78
929.668	7.09
929.915	6.6
930.162	6.06
930.409	5.7
930.655	4.23
930.902	22.56
931.149	-4.24
931.395	2.93
931.642	4.09
931.889	4.04
932.135	3.83
932.382	3.72
932.628	3.54
932.875	3.5
933.122	2.3
933.368	20.84
933.615	-5.68
933.861	1.52
934.108	2.71
934.354	2.73
934.601	2.61
934.847	2.62
935.094	2.5
935.34	2.5
935.587	1.47
935.833	19.98
936.08	-6.49
936.326	0.74
936.573	2.07
936.819	2.18
937.066	2.12
937.312	2.15
937.559	2.08
937.805	2.11
938.051	1.09
938.298	19.57
938.544	-6.85
938.791	0.39
939.037	1.73
939.283	1.85
939.53	1.81
939.776	1.87
940.022	1.8
940.269	1.83
940.515	0.79
940.761	19.33
941.007	-7.08
941.254	0.23
941.5	1.59
941.746	1.68
941.993	1.67
942.239	1.72
942.485	1.61
942.731	1.66
942.977	0.65
943.224	19.18
943.47	-7.29
943.716	-0.04
943.962	1.34
944.208	1.45
944.455	1.42
944.701	1.45
944.947	1.44
945.193	1.47
945.439	0.37
945.685	18.9
945.931	-7.39
946.177	-0.07
946.423	1.31
946.67	1.42
946.916	1.45
947.162	1.48
947.408	1.42
947.654	1.4
947.9	0.42
948.146	19.06
948.392	-7.35
948.638	-0.16
948.884	1.19
949.13	1.33
949.376	1.32
949.622	1.34
949.868	1.3
950.114	1.34
950.359	0.31
950.605	18.83
950.851	-7.57
951.097	-0.29
951.343	1.16
951.589	1.33
951.835	1.32
952.081	1.36
952.327	1.28
952.572	1.33
952.818	0.38
953.064	18.98
953.31	-7.3
953.556	-0.03
953.802	1.4
954.047	1.5
954.293	1.51
954.539	1.57
954.785	1.57
955.03	1.62
955.276	0.57
955.522	19.14
955.768	-7.27
956.013	-0.07
956.259	1.31
956.505	1.46
956.75	1.45
956.996	1.45
957.242	1.33
957.487	1.36
957.733	0.41
957.979	19.03
958.224	-7.42
958.47	-0.11
958.716	1.32
958.961	1.43
959.207	1.33
959.452	1.31
959.698	1.32
959.943	1.43
960.189	0.4
960.435	18.93
960.68	-7.47
960.926	-0.16
961.171	1.21
961.417	1.3
961.662	1.4
961.908	1.47
962.153	1.47
962.399	1.45
962.644	0.45
962.89	19
963.135	-7.4
963.38	-0.05
963.626	1.36
963.871	1.49
964.117	1.51
964.362	1.47
964.607	1.45
964.853	1.47
965.098	0.48
965.344	19.06
965.589	-7.28
965.834	0
966.08	1.34
966.325	1.46
966.57	1.43
966.815	1.46
967.061	1.45
967.306	1.44
967.551	1.47
967.797	2.44
968.042	-15.18
968.287	-6.42
968.532	-4.93
968.777	-4.83
969.023	-4.84
969.268	-4.79
969.513	-4.82
969.758	-4.81
970.003	-4.79
970.249	-4.76
970.494	-4.75
970.739	-4.77
970.984	-4.81
971.229	-4.77
971.474	-4.75
971.719	-4.71
971.965	-4.73
972.21	-4.7
972.455	-4.76
972.7	-4.76
972.945	-4.84
973.19	-4.83
973.435	-4.79
973.68	-4.74
973.925	-4.76
974.17	-4.79
974.415	-4.87
974.66	-4.88
974.905	-4.94
975.15	-4.91
975.395	-4.97
975.64	-4.91
975.885	-4.9
976.13	-4.89
976.375	-4.87
976.62	-4.86
976.865	-4.79
977.109	-4.68
977.354	-4.56
977.599	-4.42
977.844	-4.39
978.089	-4.3
978.334	-4.32
978.579	-4.25
978.824	-4.29
979.068	-4.3
979.313	-4.3
979.558	-4.31
979.803	-4.36
980.048	-4.44
980.292	-4.56
980.537	-4.55
980.782	-4.6
981.027	-4.59
981.271	-4.66
981.516	-4.57
981.761	-4.54
982.006	-4.55
982.25	-4.55
982.495	-4.54
982.74	-4.54
982.984	-4.48
983.229	-4.46
983.474	-4.43
983.718	-4.47
983.963	-4.41
984.208	-4.46
984.452	-4.5
984.697	-4.52
984.941	-4.53
985.186	-4.54
985.431	-4.52
985.675	-4.58
985.92	-4.61
986.164	-4.59
986.409	-4.52
986.653	-4.58
986.898	-4.57
987.142	-4.56
987.387	-4.48
987.631	-4.49
987.876	-4.47
988.12	-4.49
988.365	-4.48
988.609	-4.41
988.854	-4.35
989.098	-4.39
989.343	-4.33
989.587	-4.32
989.831	-4.27
990.076	-4.29
990.32	-4.28
990.565	-4.26
990.809	-4.21
991.053	-4.17
991.298	-4.21
991.542	-4.28
991.786	-4.3
992.031	-4.37
992.275	-4.36
992.519	-4.37
992.764	-4.38
993.008	-4.41
993.252	-4.46
993.496	-4.48
993.741	-4.49
993.985	-4.5
994.229	-4.45
994.473	-4.43
994.718	-4.4
994.962	-4.42
995.206	-4.47
995.45	-4.47
995.694	-4.47
995.939	-4.4
996.183	-4.38
996.427	-4.45
996.671	-4.44
996.915	-4.47
997.159	-4.48
997.403	-4.45
997.647	-4.38
997.892	-4.4
998.136	-4.39
998.38	-4.32
998.624	-4.29
998.868	-4.3
999.112	-4.24
999.356	-4.21
999.6	-4.24
999.844	-4.3
1000.088	-4.29
1000.332	-4.35
1000.576	-4.3
1000.82	-4.28
1001.064	-4.32
1001.308	-4.4
1001.552	-4.41
1001.796	-4.44
1002.04	-4.46
1002.284	-4.42
1002.528	-4.34
1002.771	-4.37
1003.015	-4.33
1003.259	-4.34
1003.503	-4.35
1003.747	-4.3
1003.991	-4.18
1004.235	-4.14
1004.479	-4.11
1004.722	-4.09
1004.966	-4.08
1005.21	-4.01
1005.454	-3.96
1005.698	-4
1005.941	-3.99
1006.185	-4.01
1006.429	-4.02
1006.673	-4.19
1006.916	-4.18
1007.16	-4.2
1007.404	-4.26
1007.648	-4.28
1007.891	-4.36
1008.135	-4.41
1008.379	-4.37
1008.622	-4.36
1008.866	-4.38
1009.11	-4.43
1009.353	-4.35
1009.597	-4.4
1009.841	-4.38
1010.084	-4.38
1010.328	-4.38
1010.571	-4.38
1010.815	-4.4
1011.059	-4.4
1011.302	-4.4
1011.546	-4.35
1011.789	-4.37
1012.033	-4.4
1012.276	-4.41
1012.52	-4.43
1012.763	-4.39
1013.007	-4.41
1013.25	-4.35
1013.494	-4.33
1013.737	-4.38
1013.981	-4.36
1014.224	-4.41
1014.468	-4.38
1014.711	-4.35
1014.955	-4.33
1015.198	-4.33
1015.441	-4.32
1015.685	-4.2
1015.928	-4.27
1016.172	-4.25
1016.415	-4.23
1016.658	-4.18
1016.902	-4.15
1017.145	-4.13
1017.388	-4.1
1017.632	-4.09
1017.875	-4.06
1018.118	-4.09
1018.362	-4.11
1018.605	-4.09
1018.848	-4.1
1019.091	-4.12
1019.335	-4.18
1019.578	-4.21
1019.821	-4.21
1020.064	-4.2
1020.308	-4.16
1020.551	-4.16
1020.794	-4.22
1021.037	-4.21
1021.28	-4.21
1021.524	-4.18
1021.767	-4.1
1022.01	-4.09
1022.253	-4.04
1022.496	-4.05
1022.739	-4.12
1022.982	-4.15
1023.226	-4.16
1023.469	-4.05
1023.712	-4.03
1023.955	-4.02
1024.198	-4.06
1024.441	-4.12
1024.684	-4.14
1024.927	-4.18
1025.17	-4.21
1025.413	-4.18
1025.656	-4.22
1025.899	-4.21
1026.142	-4.24
1026.385	-4.28
1026.628	-4.35
1026.871	-4.36
1027.114	-4.34
1027.357	-4.35
1027.6	-4.34
1027.843	-4.22
1028.086	-4.21
1028.329	-4.13
1028.571	-4.16
1028.814	-4.12
1029.057	-4.17
1029.3	-4.12
1029.543	-4.1
1029.786	-4.12
1030.029	-4.16
1030.271	-4.17
1030.514	-4.27
1030.757	-4.27
1031	-4.33
1031.243	-4.29
1031.485	-4.31
1031.728	-4.25
1031.971	-4.28
1032.214	-4.31
1032.456	-4.37
1032.699	-4.29
1032.942	-4.28
1033.185	-4.27
1033.427	-4.3
1033.67	-4.28
1033.913	-4.37
1034.155	-4.4
1034.398	-4.46
1034.641	-4.42
1034.883	-4.44
1035.126	-4.41
1035.369	-4.46
1035.611	-4.43
1035.854	-4.38
1036.096	-4.35
1036.339	-4.36
1036.582	-4.26
1036.824	-4.25
1037.067	-4.21
1037.309	-4.25
1037.552	-4.19
1037.794	-4.18
1038.037	-4.15
1038.279	-4.16
1038.522	-4.19
1038.764	-4.24
1039.007	-4.21
1039.249	-4.31
1039.492	-4.33
1039.734	-4.36
1039.977	-4.29
1040.219	-4.32
1040.462	-4.31
1040.704	-4.36
1040.946	-4.38
1041.189	-4.4
1041.431	-4.38
1041.674	-4.37
1041.916	-4.28
1042.158	-4.28
1042.401	-4.23
1042.643	-4.34
1042.885	-4.31
1043.128	-4.35
1043.37	-4.26
1043.612	-4.24
1043.855	-4.23
1044.097	-4.24
1044.339	-4.21
1044.581	-4.21
1044.824	-4.15
1045.066	-4.16
1045.308	-4.13
1045.55	-4.19
1045.793	-4.15
1046.035	-4.19
1046.277	-4.21
1046.519	-4.2
1046.761	-4.22
1047.003	-4.36
1047.246	-4.41
1047.488	-4.44
1047.73	-4.47
1047.972	-4.41
1048.214	-4.34
1048.456	-4.38
1048.698	-4.41
1048.94	-4.4
1049.183	-4.36
1049.425	-4.33
1049.667	-4.28
1049.909	-4.27
1050.151	-4.22
1050.393	-4.21
1050.635	-4.23
1050.877	-4.3
1051.119	-4.27
1051.361	-4.27
1051.603	-4.23
1051.845	-4.28
1052.087	-4.26
1052.329	-4.27
1052.571	-4.24
1052.813	-4.3
1053.054	-4.35
1053.296	-4.41
1053.538	-4.38
1053.78	-4.41
1054.022	-4.42
1054.264	-4.49
1054.506	-4.51
1054.748	-4.57
1054.99	-4.61
1055.231	-4.61
1055.473	-4.56
1055.715	-4.58
1055.957	-4.57
1056.199	-4.59
1056.44	-4.5
1056.682	-4.57
1056.924	-4.55
1057.166	-4.47
1057.408	-4.4
1057.649	-4.38
1057.891	-4.44
1058.133	-4.53
1058.374	-4.46
1058.616	-4.47
1058.858	-4.44
1059.1	-4.56
1059.341	-4.53
1059.583	-4.54
1059.825	-4.6
1060.066	-4.64
1060.308	-4.55
1060.549	-4.56
1060.791	-4.59
1061.033	-4.62
1061.274	-4.59
1061.516	-4.58
1061.757	-4.55
1061.999	-4.54
1062.241	-4.57
1062.482	-4.59
1062.724	-4.59
1062.965	-4.67
1063.207	-4.65
1063.448	-4.7
1063.69	-4.72
1063.931	-4.74
1064.173	-4.78
1064.414	-4.78
1064.656	-4.75
1064.897	-4.74
1065.139	-4.79
1065.38	-4.84
1065.621	-4.84
1065.863	-4.87
1066.104	-4.82
1066.346	-4.87
1066.587	-4.86
1066.828	-4.88
1067.07	-4.9
1067.311	-4.94
1067.552	-4.95
1067.794	-4.88
1068.035	-4.85
1068.276	-4.9
1068.518	-4.85
1068.759	-4.85
1069	-4.8
1069.242	-4.85
1069.483	-4.75
1069.724	-4.74
1069.965	-4.72
1070.207	-4.68
1070.448	-4.67
1070.689	-4.7
1070.93	-4.66
1071.172	-4.7
1071.413	-4.6
1071.654	-4.55
1071.895	-4.46
1072.136	-4.55
1072.377	-4.59
1072.619	-4.64
1072.86	-4.68
1073.101	-4.77
1073.342	-4.73
1073.583	-4.75
1073.824	-4.71
1074.065	-4.86
1074.306	-4.93
1074.547	-5.01
1074.788	-5.04
1075.029	-5.01
1075.271	-4.99
1075.512	-5.01
1075.753	-4.93
1075.994	-4.94
1076.235	-4.94
1076.476	-5
1076.717	-4.95
1076.958	-4.96
1077.199	-4.94
1077.439	-4.93
1077.68	-4.99
1077.921	-5
1078.162	-4.97
1078.403	-5.03
1078.644	-5.07
1078.885	-5.03
1079.126	-4.97
1079.367	-4.98
1079.608	-4.95
1079.848	-4.97
1080.089	-4.96
1080.33	-4.9
1080.571	-4.9
1080.812	-4.91
1081.053	-4.95
1081.293	-5.04
1081.534	-5.11
1081.775	-5.19
1082.016	-5.19
1082.257	-5.24
1082.497	-5.19
1082.738	-5.2
1082.979	-5.19
1083.219	-5.21
1083.46	-5.25
1083.701	-5.23
1083.942	-5.13
1084.182	-5.16
1084.423	-5.14
1084.664	-5.18
1084.904	-5.17
1085.145	-5.2
1085.386	-5.21
1085.626	-5.28
1085.867	-5.35
1086.107	-5.35
1086.348	-5.34
1086.589	-5.44
1086.829	-5.42
1087.07	-5.38
1087.31	-5.32
1087.551	-5.29
1087.791	-5.35
1088.032	-5.42
1088.272	-5.43
1088.513	-5.37
1088.753	-5.36
1088.994	-5.36
1089.234	-5.34
1089.475	-5.33
1089.715	-5.37
1089.956	-5.44
1090.196	-5.45
1090.437	-5.42
1090.677	-5.35
1090.917	-5.3
1091.158	-5.35
1091.398	-5.37
1091.639	-5.36
1091.879	-5.31
1092.119	-5.31
1092.36	-5.33
1092.6	-5.34
1092.84	-5.35
1093.081	-5.3
1093.321	-5.32
1093.561	-5.3
1093.802	-5.3
1094.042	-5.27
1094.282	-5.36
1094.522	-5.41
1094.763	-5.43
1095.003	-5.4
1095.243	-5.37
1095.483	-5.39
1095.724	-5.44
1095.964	-5.47
1096.204	-5.61
1096.444	-5.62
1096.684	-5.67
1096.925	-5.63
1097.165	-5.61
1097.405	-5.58
1097.645	-5.6
1097.885	-5.61
1098.125	-5.61
1098.365	-5.61
1098.605	-5.6
1098.846	-5.5
1099.086	-5.47
1099.326	-5.43
1099.566	-5.44
1099.806	-5.43
1100.046	-5.53
1100.286	-5.51
1100.526	-5.57
1100.766	-5.57
1101.006	-5.57
1101.246	-5.61
1101.486	-5.61
1101.726	-5.62
1101.966	-5.66
1102.206	-5.63
1102.446	-5.71
1102.686	-5.68
1102.926	-5.69
1103.166	-5.64
1103.405	-5.71
1103.645	-5.77
1103.885	-5.75
1104.125	-5.8
1104.365	-5.87
1104.605	-5.83
1104.845	-5.88
1105.085	-5.81
1105.324	-5.78
1105.564	-5.81
1105.804	-5.88
1106.044	-5.82
1106.284	-5.83
1106.523	-5.84
1106.763	-5.87
1107.003	-5.79
1107.243	-5.77
1107.482	-5.7
1107.722	-5.77
1107.962	-5.75
1108.202	-5.71
1108.441	-5.65
1108.681	-5.73
1108.921	-5.74
1109.16	-5.76
1109.4	-5.7
1109.64	-5.74
1109.879	-5.81
1110.119	-5.88
1110.359	-5.86
1110.598	-5.93
1110.838	-6.01
1111.077	-6.07
1111.317	-6
1111.557	-5.98
1111.796	-5.94
1112.036	-5.98
1112.275	-5.99
1112.515	-5.99
1112.754	-5.91
1112.994	-5.95
1113.233	-5.9
1113.473	-5.91
1113.712	-5.86
1113.952	-5.89
1114.191	-5.92
1114.431	-5.99
1114.67	-5.96
1114.91	-5.92
1115.149	-5.93
1115.389	-5.96
1115.628	-5.93
1115.867	-5.98
1116.107	-5.97
1116.346	-6.03
1116.585	-6.06
1116.825	-5.99
1117.064	-5.93
1117.304	-5.98
1117.543	-6.02
1117.782	-6.02
1118.021	-6.07
1118.261	-6.09
1118.5	-6.13
1118.739	-6.18
1118.979	-6.15
1119.218	-6.13
1119.457	-6.17
1119.696	-6.17
1119.936	-6.13
1120.175	-6.18
1120.414	-6.14
1120.653	-6.1
1120.893	-6.12
1121.132	-6.1
1121.371	-6.03
1121.61	-6.08
1121.849	-6.1
1122.088	-6.14
1122.328	-6.21
1122.567	-6.25
1122.806	-6.19
1123.045	-6.24
1123.284	-6.35
1123.523	-6.33
1123.762	-6.31
1124.001	-6.35
1124.24	-6.29
1124.479	-6.28
1124.718	-6.24
1124.957	-6.24
1125.196	-6.23
1125.435	-6.28
1125.674	-6.34
1125.913	-6.31
1126.152	-6.3
1126.391	-6.3
1126.63	-6.31
1126.869	-6.35
1127.108	-6.38
1127.347	-6.41
1127.586	-6.39
1127.825	-6.41
