Data from HR4C45961_13-20-23-781.txt Node
195.373	-318.8
195.645	-274.01
195.916	-240.4
196.187	-214.3
196.459	-193.46
196.73	-177.38
197.002	-102.94
197.273	-56
197.544	-1.32
197.816	0.58
198.087	0.85
198.358	0.86
198.63	0.95
198.901	1.03
199.172	1.13
199.444	0.23
199.715	19.5
199.986	-7.88
200.257	-0.01
200.529	1.58
200.8	1.8
201.071	1.91
201.343	2.1
201.614	2.17
201.885	2.24
202.156	1.33
202.427	20.61
202.699	-6.76
202.97	1.02
203.241	2.61
203.512	2.82
203.783	2.84
204.055	2.88
204.326	2.92
204.597	3.03
204.868	2.12
205.139	21.31
205.41	-6.08
205.681	1.65
205.952	3.23
206.224	3.4
206.495	3.47
206.766	3.68
207.037	3.76
207.308	3.8
207.579	2.83
207.85	21.99
208.121	-5.37
208.392	2.42
208.663	4
208.934	4.2
209.205	4.21
209.476	4.31
209.747	4.28
210.018	4.3
210.289	3.36
210.56	22.53
210.831	-4.83
211.102	2.92
211.373	4.47
211.644	4.67
211.915	4.64
212.186	4.7
212.457	4.7
212.728	4.76
212.999	3.81
213.269	22.93
213.54	-4.51
213.811	3.22
214.082	4.72
214.353	4.81
214.624	4.81
214.895	4.88
215.165	4.88
215.436	4.92
215.707	3.89
215.978	22.97
216.249	-4.45
216.52	3.32
216.79	4.8
217.061	4.96
217.332	4.94
217.603	4.96
217.873	4.91
218.144	4.88
218.415	3.87
218.686	22.98
218.956	-4.42
219.227	3.27
219.498	4.77
219.768	4.92
220.039	4.88
220.31	4.94
220.58	4.9
220.851	4.97
221.122	3.98
221.392	23.16
221.663	-4.24
221.934	3.49
222.204	5
222.475	5.09
222.746	5.1
223.016	5.11
223.287	5.13
223.557	5.14
223.828	4.14
224.098	23.32
224.369	-4.16
224.64	3.58
224.91	5.06
225.181	5.26
225.451	5.28
225.722	5.31
225.992	5.29
226.263	5.31
226.533	4.29
226.804	23.39
227.074	-4.06
227.345	3.64
227.615	5.12
227.886	5.29
228.156	5.27
228.426	5.31
228.697	5.31
228.967	5.38
229.238	4.32
229.508	23.43
229.779	-3.99
230.049	3.73
230.319	5.24
230.59	5.4
230.86	5.39
231.13	5.43
231.401	5.44
231.671	5.4
231.941	4.35
232.212	23.47
232.482	-3.91
232.752	3.85
233.023	5.28
233.293	5.43
233.563	5.39
233.834	5.4
234.104	5.27
234.374	5.25
234.644	4.19
234.915	23.37
235.185	-4.04
235.455	3.7
235.725	5.19
235.995	5.36
236.266	5.31
236.536	5.34
236.806	5.27
237.076	5.35
237.346	4.26
237.616	23.41
237.887	-4.07
238.157	3.65
238.427	5.06
238.697	5.12
238.967	5.08
239.237	5.11
239.507	5.04
239.777	5.03
240.048	4.01
240.318	23.12
240.588	-4.35
240.858	3.29
241.128	4.68
241.398	4.83
241.668	4.83
241.938	4.83
242.208	4.8
242.478	4.77
242.748	3.76
243.018	22.82
243.288	-4.5
243.558	3.18
243.828	4.64
244.098	4.86
244.368	4.83
244.638	4.82
244.908	4.78
245.178	4.77
245.448	3.76
245.718	22.83
245.987	-4.51
246.257	3.1
246.527	4.59
246.797	4.72
247.067	4.61
247.337	4.59
247.607	4.58
247.877	4.56
248.146	3.51
248.416	22.64
248.686	-4.74
248.956	2.91
249.226	4.38
249.496	4.43
249.765	4.42
250.035	4.44
250.305	4.34
250.575	4.33
250.844	3.29
251.114	22.35
251.384	-5.03
251.654	2.59
251.923	4.02
252.193	4.16
252.463	4.22
252.732	4.15
253.002	4.15
253.272	4.26
253.542	3.23
253.811	22.32
254.081	-5.02
254.351	2.61
254.62	4.06
254.89	4.11
255.159	4.06
255.429	4.05
255.699	4.08
255.968	4.06
256.238	2.89
256.507	21.89
256.777	-5.48
257.047	2.11
257.316	3.58
257.586	3.67
257.855	3.59
258.125	3.53
258.394	3.48
258.664	3.48
258.933	2.42
259.203	21.53
259.472	-5.83
259.742	1.84
260.011	3.27
260.281	3.33
260.55	3.29
260.82	3.37
261.089	3.36
261.359	3.31
261.628	2.25
261.898	21.27
262.167	-6.15
262.436	1.44
262.706	2.85
262.975	2.95
263.245	2.91
263.514	2.93
263.783	2.85
264.053	2.8
264.322	1.75
264.591	20.73
264.861	-6.64
265.13	1.07
265.399	2.61
265.669	2.7
265.938	2.73
266.207	2.71
266.477	2.67
266.746	2.64
267.015	1.57
267.284	20.62
267.554	-6.75
267.823	0.93
268.092	2.31
268.361	2.36
268.631	2.27
268.9	2.21
269.169	2.16
269.438	2.1
269.707	1.01
269.977	20.03
270.246	-7.3
270.515	0.36
270.784	1.79
271.053	1.89
271.322	1.78
271.591	1.76
271.861	1.69
272.13	1.68
272.399	0.64
272.668	19.72
272.937	-7.58
273.206	0.03
273.475	1.45
273.744	1.49
274.013	1.43
274.282	1.44
274.551	1.43
274.82	1.41
275.089	0.33
275.358	19.37
275.627	-7.95
275.896	-0.33
276.165	1.15
276.434	1.3
276.703	1.32
276.972	1.32
277.241	1.27
277.51	1.23
277.779	0.16
278.048	19.24
278.317	-8.06
278.586	-0.42
278.855	1.05
279.124	1.08
279.393	1.02
279.662	0.97
279.93	0.92
280.199	0.93
280.468	-0.1
280.737	18.94
281.006	-8.49
281.275	-0.91
281.544	0.47
281.812	0.53
282.081	0.54
282.35	0.49
282.619	0.42
282.888	0.34
283.156	-0.75
283.425	18.31
283.694	-9.02
283.963	-1.35
284.231	0.13
284.5	0.27
284.769	0.26
285.038	0.21
285.306	0.13
285.575	0.14
285.844	-0.85
286.112	18.2
286.381	-9.18
286.65	-1.54
286.918	-0.07
287.187	0.03
287.456	-0.03
287.724	-0.1
287.993	-0.18
288.262	-0.12
288.53	-1.18
288.799	17.87
289.067	-9.45
289.336	-1.81
289.604	-0.36
289.873	-0.32
290.142	-0.4
290.41	-0.33
290.679	-0.38
290.947	-0.37
291.216	-1.4
291.484	17.69
291.753	-9.61
292.021	-1.97
292.29	-0.51
292.558	-0.4
292.827	-0.39
293.095	-0.39
293.364	-0.45
293.632	-0.43
293.901	-1.49
294.169	17.51
294.438	-9.77
294.706	-2.18
294.974	-0.72
295.243	-0.59
295.511	-0.68
295.78	-0.7
296.048	-0.74
296.316	-0.77
296.585	-1.8
296.853	17.23
297.121	-10.05
297.39	-2.49
297.658	-1.01
297.926	-0.89
298.195	-0.93
298.463	-0.88
298.731	-0.84
299	-0.82
299.268	-1.81
299.536	17.25
299.804	-10.02
300.073	-2.48
300.341	-1.02
300.609	-0.87
300.877	-0.97
301.146	-0.96
301.414	-1.06
301.682	-1.1
301.95	-2.12
302.218	16.89
302.487	-10.41
302.755	-2.74
303.023	-1.26
303.291	-1.1
303.559	-1.13
303.827	-1.06
304.096	-1.11
304.364	-1.01
304.632	-2.04
304.9	17.08
305.168	-10.18
305.436	-2.63
305.704	-1.19
305.972	-0.98
306.24	-1
306.508	-0.99
306.776	-1.1
307.045	-1.09
307.313	-2.17
307.581	16.91
307.849	-10.45
308.117	-2.87
308.385	-1.32
308.653	-1.18
308.921	-1.24
309.189	-1.21
309.457	-1.21
309.724	-1.14
309.992	-2.1
310.26	16.9
310.528	-10.41
310.796	-2.73
311.064	-1.25
311.332	-1.12
311.6	-1.16
311.868	-1.17
312.136	-1.24
312.404	-1.18
312.672	-2.21
312.939	16.81
313.207	-10.37
313.475	-2.75
313.743	-1.32
314.011	-1.2
314.279	-1.24
314.546	-1.21
314.814	-1.24
315.082	-1.21
315.35	-2.21
315.618	16.84
315.885	-10.39
316.153	-2.73
316.421	-1.23
316.689	-1.09
316.956	-1.09
317.224	-1.05
317.492	-1.03
317.759	-0.96
318.027	-2
318.295	16.96
318.563	-10.27
318.83	-2.63
319.098	-1.23
319.366	-1.14
319.633	-1.12
319.901	-1.06
320.169	-1.1
320.436	-1.06
320.704	-2.06
320.971	17
321.239	-10.19
321.507	-2.5
321.774	-1.04
322.042	-0.85
322.309	-0.78
322.577	-0.76
322.844	-0.76
323.112	-0.7
323.38	-1.73
323.647	17.26
323.915	-9.97
324.182	-2.36
324.45	-0.92
324.717	-0.75
324.985	-0.83
325.252	-0.76
325.52	-0.72
325.787	-0.67
326.054	-1.69
326.322	17.31
326.589	-9.84
326.857	-2.17
327.124	-0.63
327.392	-0.47
327.659	-0.48
327.926	-0.41
328.194	-0.44
328.461	-0.39
328.729	-1.42
328.996	17.67
329.263	-9.45
329.531	-1.85
329.798	-0.4
330.065	-0.34
330.333	-0.37
330.6	-0.38
330.867	-0.37
331.135	-0.36
331.402	-1.48
331.669	17.51
331.936	-9.72
332.204	-2.14
332.471	-0.69
332.738	-0.48
333.005	-0.47
333.273	-0.46
333.54	-0.45
333.807	-0.4
334.074	-1.43
334.341	17.65
334.609	-9.49
334.876	-1.87
335.143	-0.39
335.41	-0.25
335.677	-0.3
335.944	-0.25
336.212	-0.12
336.479	-0.05
336.746	-1.05
337.013	18.01
337.28	-9.12
337.547	-1.52
337.814	-0.05
338.081	0.15
338.348	0.21
338.616	0.25
338.883	0.28
339.15	0.23
339.417	-0.79
339.684	18.26
339.951	-8.91
340.218	-1.27
340.485	0.23
340.752	0.38
341.019	0.34
341.286	0.33
341.553	0.26
341.82	0.29
342.087	-0.68
342.354	18.3
342.62	-8.92
342.887	-1.28
343.154	0.17
343.421	0.34
343.688	0.34
343.955	0.34
344.222	0.38
344.489	0.53
344.756	-0.47
345.023	18.55
345.289	-8.57
345.556	-0.88
345.823	0.55
346.09	0.7
346.357	0.73
346.624	0.79
346.89	0.84
347.157	0.84
347.424	-0.15
347.691	18.85
347.958	-8.32
348.224	-0.68
348.491	0.76
348.758	0.98
349.025	0.95
349.291	0.97
349.558	0.94
349.825	0.97
350.091	0.03
350.358	18.97
350.625	-8.19
350.891	-0.58
351.158	0.83
351.425	0.97
351.691	0.88
351.958	0.97
352.225	1.03
352.491	1.08
352.758	0.03
353.025	19.02
353.291	-8.09
353.558	-0.41
353.824	1.1
354.091	1.28
354.358	1.33
354.624	1.42
354.891	1.44
355.157	1.42
355.424	0.48
355.69	19.53
355.957	-7.59
356.223	0.04
356.49	1.49
356.756	1.59
357.023	1.63
357.289	1.66
357.556	1.67
357.822	1.64
358.089	0.68
358.355	19.67
358.622	-7.44
358.888	0.18
359.154	1.62
359.421	1.76
359.687	1.8
359.954	1.87
360.22	1.85
360.486	1.87
360.753	0.89
361.019	19.85
361.286	-7.25
361.552	0.33
361.818	1.77
362.085	1.98
362.351	1.97
362.617	1.97
362.884	1.95
363.15	2.02
363.416	1.05
363.682	20.02
363.949	-7.07
364.215	0.5
364.481	1.9
364.747	2.06
365.014	2.05
365.28	2.09
365.546	2.1
365.812	2.13
366.079	1.13
366.345	20.13
366.611	-6.91
366.877	0.63
367.143	2.08
367.409	2.3
367.676	2.29
367.942	2.29
368.208	2.24
368.474	2.26
368.74	1.22
369.006	20.16
369.272	-6.97
369.538	0.61
369.805	2.17
370.071	2.31
370.337	2.29
370.603	2.31
370.869	2.33
371.135	2.42
371.401	1.42
371.667	20.45
371.933	-6.62
372.199	0.96
372.465	2.42
372.731	2.47
372.997	2.46
373.263	2.48
373.529	2.49
373.795	2.51
374.061	1.48
374.327	20.52
374.593	-6.58
374.859	0.96
375.125	2.43
375.39	2.55
375.656	2.54
375.922	2.56
376.188	2.56
376.454	2.64
376.72	1.63
376.986	20.6
377.252	-6.55
377.517	1
377.783	2.5
378.049	2.59
378.315	2.59
378.581	2.59
378.847	2.62
379.112	2.68
379.378	1.64
379.644	20.6
379.91	-6.51
380.175	1.06
380.441	2.51
380.707	2.7
380.973	2.72
381.238	2.78
381.504	2.8
381.77	2.77
382.036	1.71
382.301	20.69
382.567	-6.36
382.833	1.23
383.098	2.7
383.364	2.83
383.63	2.71
383.895	2.72
384.161	2.69
384.427	2.7
384.692	1.7
384.958	20.67
385.223	-6.39
385.489	1.17
385.755	2.66
386.02	2.84
386.286	2.89
386.551	2.95
386.817	2.9
387.082	2.92
387.348	1.91
387.613	20.83
387.879	-6.24
388.144	1.29
388.41	2.76
388.675	2.84
388.941	2.8
389.206	2.77
389.472	2.74
389.737	2.77
390.003	1.74
390.268	20.66
390.534	-6.38
390.799	1.16
391.064	2.59
391.33	2.66
391.595	2.6
391.861	2.68
392.126	2.69
392.391	2.78
392.657	1.79
392.922	20.66
393.188	-6.41
393.453	1.16
393.718	2.67
393.984	2.79
394.249	2.73
394.514	2.76
394.779	2.69
395.045	2.69
395.31	1.56
395.575	20.47
395.841	-6.52
396.106	1.02
396.371	2.46
396.636	2.53
396.902	2.45
397.167	2.48
397.432	2.47
397.697	2.5
397.962	1.43
398.228	20.34
398.493	-6.74
398.758	0.78
399.023	2.18
399.288	2.27
399.553	2.24
399.819	2.37
400.084	2.37
400.349	2.3
400.614	1.22
400.879	20.17
401.144	-6.86
401.409	0.72
401.674	2.15
401.939	2.34
402.204	2.36
402.469	2.39
402.734	2.25
403	2.29
403.265	1.36
403.53	20.29
403.795	-6.76
404.06	0.81
404.325	2.22
404.59	2.3
404.855	2.32
405.12	2.29
405.384	2.27
405.649	2.36
405.914	1.28
406.179	20.12
406.444	-6.9
406.709	0.64
406.974	2.03
407.239	2.17
407.504	2.19
407.769	2.07
408.034	2.02
408.299	2.02
408.563	0.96
408.828	19.86
409.093	-7.11
409.358	0.45
409.623	1.86
409.888	2.03
410.152	1.96
410.417	1.9
410.682	1.93
410.947	1.95
411.212	0.84
411.476	19.75
411.741	-7.26
412.006	0.23
412.271	1.64
412.535	1.83
412.8	1.75
413.065	1.8
413.329	1.8
413.594	1.86
413.859	0.87
414.124	19.76
414.388	-7.27
414.653	0.27
414.918	1.73
415.182	1.8
415.447	1.7
415.711	1.72
415.976	1.66
416.241	1.68
416.505	0.58
416.77	19.44
417.034	-7.5
417.299	-0.01
417.564	1.34
417.828	1.41
418.093	1.35
418.357	1.4
418.622	1.4
418.886	1.42
419.151	0.42
419.415	19.25
419.68	-7.73
419.944	-0.29
420.209	1.18
420.473	1.36
420.738	1.41
421.002	1.47
421.267	1.41
421.531	1.38
421.796	0.37
422.06	19.22
422.325	-7.69
422.589	-0.22
422.853	1.25
423.118	1.37
423.382	1.37
423.646	1.34
423.911	1.31
424.175	1.28
424.44	0.27
424.704	19.11
424.968	-7.87
425.233	-0.36
425.497	1.08
425.761	1.17
426.026	1.11
426.29	1.05
426.554	1.02
426.818	0.98
427.083	-0.04
427.347	18.81
427.611	-8.14
427.875	-0.61
428.14	0.86
428.404	1.01
428.668	1.05
428.932	1.07
429.197	1.05
429.461	1.02
429.725	0.03
429.989	18.96
430.253	-7.97
430.517	-0.5
430.782	0.87
431.046	0.84
431.31	0.86
431.574	0.87
431.838	0.83
432.102	0.87
432.366	-0.18
432.63	18.68
432.894	-8.26
433.159	-0.8
433.423	0.67
433.687	0.82
433.951	0.85
434.215	0.78
434.479	0.67
434.743	0.67
435.007	-0.41
435.271	18.46
435.535	-8.47
435.799	-1.1
436.063	0.31
436.327	0.41
436.591	0.39
436.855	0.38
437.119	0.38
437.383	0.44
437.646	-0.57
437.91	18.33
438.174	-8.61
438.438	-1.11
438.702	0.42
438.966	0.54
439.23	0.47
439.494	0.48
439.758	0.5
440.021	0.52
440.285	-0.52
440.549	18.34
440.813	-8.61
441.077	-1.13
441.341	0.23
441.604	0.29
441.868	0.28
442.132	0.36
442.396	0.39
442.66	0.42
442.923	-0.63
443.187	18.22
443.451	-8.7
443.715	-1.23
443.978	0.21
444.242	0.34
444.506	0.32
444.769	0.35
445.033	0.24
445.297	0.21
445.56	-0.85
445.824	17.95
446.088	-8.97
446.351	-1.47
446.615	-0.04
446.879	0.07
447.142	0.1
447.406	0.09
447.669	0.08
447.933	0.1
448.197	-0.93
448.46	17.93
448.724	-8.93
448.987	-1.5
449.251	-0.12
449.515	-0.02
449.778	-0.03
450.042	-0.05
450.305	-0.08
450.569	-0.03
450.832	-1
451.096	17.86
451.359	-9.07
451.623	-1.57
451.886	-0.1
452.15	0.05
452.413	0.09
452.676	0.16
452.94	0.13
453.203	0.16
453.467	-0.93
453.73	17.84
453.994	-9.06
454.257	-1.61
454.52	-0.26
454.784	-0.12
455.047	-0.11
455.31	-0.1
455.574	-0.13
455.837	-0.09
456.1	-1.11
456.364	17.74
456.627	-9.08
456.89	-1.59
457.154	-0.06
457.417	0.11
457.68	0.13
457.944	0.16
458.207	0.15
458.47	0.15
458.733	-0.86
458.997	17.96
459.26	-8.97
459.523	-1.57
459.786	-0.17
460.049	-0.1
460.313	-0.08
460.576	-0.15
460.839	-0.19
461.102	-0.22
461.365	-1.3
461.628	17.53
461.892	-9.28
462.155	-1.79
462.418	-0.36
462.681	-0.26
462.944	-0.24
463.207	-0.27
463.47	-0.27
463.733	-0.32
463.996	-1.27
464.26	17.59
464.523	-9.27
464.786	-1.85
465.049	-0.38
465.312	-0.16
465.575	-0.11
465.838	-0.14
466.101	-0.16
466.364	-0.08
466.627	-1.01
466.89	17.78
467.153	-9.03
467.416	-1.52
467.679	-0.09
467.942	0
468.205	-0.05
468.467	-0.07
468.73	-0.13
468.993	-0.07
469.256	-1.17
469.519	17.65
469.782	-9.19
470.045	-1.72
470.308	-0.31
470.571	-0.22
470.834	-0.12
471.096	-0.12
471.359	-0.13
471.622	-0.05
471.885	-1.1
472.148	17.78
472.41	-9.1
472.673	-1.64
472.936	-0.2
473.199	-0.09
473.462	0.01
473.724	-0.02
473.987	-0.01
474.25	0.01
474.513	-0.99
474.775	17.87
475.038	-8.87
475.301	-1.36
475.563	0.09
475.826	0.22
476.089	0.17
476.352	0.14
476.614	0.09
476.877	0.08
477.139	-0.88
477.402	17.9
477.665	-8.95
477.927	-1.55
478.19	-0.14
478.453	-0.05
478.715	-0.03
478.978	0.03
479.24	0.01
479.503	0.04
479.766	-0.9
480.028	17.85
480.291	-8.96
480.553	-1.5
480.816	-0.14
481.078	-0.01
481.341	-0.01
481.603	-0.03
481.866	-0.05
482.128	-0.01
482.391	-0.98
482.653	17.79
482.916	-8.97
483.178	-1.49
483.441	-0.06
483.703	0.15
483.965	0.2
484.228	0.28
484.49	0.31
484.753	0.31
485.015	-0.7
485.277	18.03
485.54	-8.77
485.802	-1.38
486.065	0.01
486.327	0.14
486.589	0.09
486.852	0.13
487.114	0.08
487.376	0.07
487.638	-0.96
487.901	17.89
488.163	-8.76
488.425	-1.3
488.688	0.17
488.95	0.38
489.212	0.44
489.474	0.47
489.737	0.42
489.999	0.48
490.261	-0.58
490.523	18.32
490.786	-8.45
491.048	-1.06
491.31	0.39
491.572	0.53
491.834	0.47
492.096	0.49
492.359	0.53
492.621	0.55
492.883	-0.46
493.145	18.39
493.407	-8.4
493.669	-1.03
493.931	0.38
494.193	0.48
494.455	0.51
494.718	0.55
494.98	0.53
495.242	0.54
495.504	-0.44
495.766	18.33
496.028	-8.43
496.29	-0.97
496.552	0.5
496.814	0.67
497.076	0.72
497.338	0.8
497.6	0.81
497.862	0.85
498.124	-0.17
498.386	18.6
498.648	-8.16
498.91	-0.78
499.172	0.67
499.433	0.84
499.695	0.84
499.957	0.84
500.219	0.79
500.481	0.8
500.743	-0.19
501.005	18.61
501.267	-8.14
501.529	-0.64
501.79	0.86
502.052	1.01
502.314	0.99
502.576	1.01
502.838	1
503.099	1.04
503.361	0.08
503.623	18.91
503.885	-7.8
504.147	-0.34
504.408	1.05
504.67	1.14
504.932	1.1
505.194	1.11
505.455	1.06
505.717	1.1
505.979	0.14
506.24	18.91
506.502	-7.87
506.764	-0.45
507.025	0.97
507.287	1.12
507.549	1.18
507.81	1.21
508.072	1.18
508.334	1.25
508.595	0.23
508.857	18.9
509.119	-7.85
509.38	-0.48
509.642	0.92
509.903	1.1
510.165	1.11
510.426	1.17
510.688	1.18
510.949	1.24
511.211	0.25
511.473	19.1
511.734	-7.59
511.996	-0.15
512.257	1.35
512.519	1.49
512.78	1.47
513.042	1.47
513.303	1.43
513.564	1.45
513.826	0.48
514.087	19.26
514.349	-7.52
514.61	-0.1
514.872	1.31
515.133	1.4
515.394	1.5
515.656	1.46
515.917	1.48
516.179	1.51
516.44	0.51
516.701	19.23
516.963	-7.5
517.224	-0.03
517.485	1.45
517.747	1.61
518.008	1.63
518.269	1.53
518.53	1.57
518.792	1.58
519.053	0.58
519.314	19.38
519.576	-7.31
519.837	0.11
520.098	1.54
520.359	1.66
520.62	1.67
520.882	1.61
521.143	1.63
521.404	1.68
521.665	0.69
521.926	19.45
522.188	-7.26
522.449	0.12
522.71	1.5
522.971	1.62
523.232	1.61
523.493	1.6
523.755	1.65
524.016	1.67
524.277	0.67
524.538	19.44
524.799	-7.34
525.06	0.06
525.321	1.51
525.582	1.66
525.843	1.61
526.104	1.63
526.365	1.61
526.626	1.67
526.887	0.66
527.148	19.4
527.409	-7.33
527.67	0.12
527.931	1.57
528.192	1.68
528.453	1.66
528.714	1.69
528.975	1.67
529.236	1.73
529.497	0.72
529.758	19.52
530.019	-7.18
530.28	0.22
530.541	1.67
530.801	1.8
531.062	1.85
531.323	1.98
531.584	1.99
531.845	2.02
532.106	0.97
532.367	19.72
532.627	-6.96
532.888	0.45
533.149	1.92
533.41	1.99
533.671	1.95
533.931	1.98
534.192	1.89
534.453	1.89
534.714	0.94
534.974	19.74
535.235	-6.97
535.496	0.39
535.757	1.76
536.017	1.86
536.278	1.94
536.539	2
536.799	1.96
537.06	1.99
537.321	0.97
537.581	19.68
537.842	-7.07
538.103	0.3
538.363	1.7
538.624	1.87
538.885	1.87
539.145	1.83
539.406	1.79
539.666	1.79
539.927	0.8
540.188	19.6
540.448	-7.1
540.709	0.33
540.969	1.77
541.23	1.93
541.49	1.96
541.751	2.01
542.011	2.02
542.272	2.09
542.532	1.07
542.793	19.77
543.053	-6.96
543.314	0.41
543.574	1.83
543.835	1.99
544.095	2
544.356	1.97
544.616	1.93
544.876	2.04
545.137	0.96
545.397	19.68
545.658	-6.92
545.918	0.51
546.178	1.96
546.439	2.03
546.699	1.96
546.959	1.93
547.22	1.94
547.48	1.93
547.74	0.81
548.001	19.51
548.261	-7.18
548.521	0.13
548.782	1.59
549.042	1.73
549.302	1.77
549.562	1.82
549.823	1.85
550.083	1.84
550.343	0.89
550.603	19.59
550.864	-7
551.124	0.4
551.384	1.84
551.644	1.93
551.904	1.96
552.165	2.03
552.425	2.06
552.685	2.01
552.945	1
553.205	19.65
553.465	-6.97
553.725	0.36
553.986	1.8
554.246	1.92
554.506	1.86
554.766	1.82
555.026	1.72
555.286	1.67
555.546	0.7
555.806	19.38
556.066	-7.27
556.326	0.14
556.586	1.56
556.846	1.7
557.106	1.67
557.366	1.71
557.626	1.67
557.886	1.65
558.146	0.7
558.406	19.43
558.666	-7.15
558.926	0.21
559.186	1.56
559.446	1.71
559.706	1.68
559.966	1.75
560.226	1.77
560.486	1.78
560.746	0.8
561.005	19.42
561.265	-7.22
561.525	0.09
561.785	1.58
562.045	1.75
562.305	1.76
562.564	1.76
562.824	1.7
563.084	1.68
563.344	0.73
563.604	19.46
563.863	-7.14
564.123	0.25
564.383	1.74
564.643	1.84
564.903	1.8
565.162	1.81
565.422	1.79
565.682	1.78
565.941	0.75
566.201	19.47
566.461	-7.17
566.721	0.23
566.98	1.65
567.24	1.73
567.5	1.7
567.759	1.69
568.019	1.65
568.278	1.67
568.538	0.7
568.798	19.45
569.057	-7.23
569.317	0.18
569.577	1.58
569.836	1.71
570.096	1.66
570.355	1.72
570.615	1.7
570.874	1.73
571.134	0.76
571.393	19.51
571.653	-7.14
571.912	0.26
572.172	1.65
572.431	1.76
572.691	1.69
572.95	1.8
573.21	1.77
573.469	1.81
573.729	0.83
573.988	19.49
574.248	-7.13
574.507	0.23
574.767	1.6
575.026	1.77
575.285	1.8
575.545	1.85
575.804	1.81
576.063	1.86
576.323	0.83
576.582	19.5
576.842	-7.11
577.101	0.27
577.36	1.72
577.62	1.88
577.879	1.8
578.138	1.82
578.397	1.84
578.657	1.83
578.916	0.78
579.175	19.5
579.435	-7.15
579.694	0.21
579.953	1.55
580.212	1.62
580.471	1.68
580.731	1.78
580.99	1.75
581.249	1.71
581.508	0.63
581.767	19.31
582.027	-7.26
582.286	0.14
582.545	1.58
582.804	1.72
583.063	1.75
583.322	1.66
583.581	1.62
583.841	1.65
584.1	0.67
584.359	19.51
584.618	-7.05
584.877	0.25
585.136	1.65
585.395	1.8
585.654	1.84
585.913	1.89
586.172	1.95
586.431	1.97
586.69	0.94
586.949	19.62
587.208	-7.04
587.467	0.3
587.726	1.75
587.985	1.92
588.244	1.96
588.503	1.96
588.762	1.95
589.021	1.88
589.28	0.86
589.539	19.56
589.798	-7.05
590.057	0.28
590.316	1.68
590.574	1.86
590.833	1.86
591.092	1.79
591.351	1.68
591.61	1.65
591.869	0.68
592.128	19.34
592.386	-7.24
592.645	0.19
592.904	1.63
593.163	1.78
593.422	1.75
593.68	1.74
593.939	1.66
594.198	1.66
594.457	0.69
594.715	19.39
594.974	-7.19
595.233	0.14
595.492	1.51
595.75	1.62
596.009	1.56
596.268	1.46
596.526	1.4
596.785	1.52
597.044	0.62
597.302	19.33
597.561	-7.26
597.82	0.13
598.078	1.52
598.337	1.62
598.595	1.6
598.854	1.62
599.113	1.67
599.371	1.72
599.63	0.68
599.888	19.29
600.147	-7.31
600.405	0.05
600.664	1.44
600.923	1.57
601.181	1.54
601.44	1.59
601.698	1.61
601.957	1.64
602.215	0.62
602.474	19.29
602.732	-7.24
602.99	0.05
603.249	1.44
603.507	1.55
603.766	1.58
604.024	1.63
604.283	1.56
604.541	1.57
604.799	0.55
605.058	19.28
605.316	-7.24
605.575	0.12
605.833	1.56
606.091	1.7
606.35	1.71
606.608	1.71
606.866	1.75
607.125	1.81
607.383	0.78
607.641	19.4
607.9	-7.21
608.158	0.13
608.416	1.5
608.674	1.63
608.933	1.62
609.191	1.59
609.449	1.57
609.707	1.55
609.966	0.58
610.224	19.25
610.482	-7.24
610.74	0.07
610.998	1.47
611.257	1.62
611.515	1.58
611.773	1.58
612.031	1.6
612.289	1.59
612.547	0.58
612.806	19.25
613.064	-7.26
613.322	0.06
613.58	1.52
613.838	1.62
614.096	1.57
614.354	1.66
614.612	1.68
614.87	1.68
615.128	0.69
615.386	19.35
615.644	-7.27
615.902	0.05
616.16	1.52
616.418	1.69
616.676	1.61
616.934	1.62
617.192	1.54
617.45	1.52
617.708	0.52
617.966	19.17
618.224	-7.38
618.482	-0.04
618.74	1.31
618.998	1.34
619.256	1.26
619.514	1.35
619.772	1.37
620.03	1.42
620.287	0.44
620.545	19.15
620.803	-7.32
621.061	0.04
621.319	1.45
621.577	1.59
621.834	1.62
622.092	1.64
622.35	1.56
622.608	1.55
622.866	0.54
623.123	19.21
623.381	-7.33
623.639	-0.04
623.897	1.36
624.154	1.48
624.412	1.49
624.67	1.52
624.928	1.48
625.185	1.59
625.443	0.64
625.701	19.36
625.958	-7.19
626.216	0.09
626.474	1.47
626.731	1.57
626.989	1.54
627.247	1.56
627.504	1.51
627.762	1.57
628.02	0.5
628.277	19.07
628.535	-7.52
628.792	-0.21
629.05	1.17
629.307	1.36
629.565	1.36
629.823	1.39
630.08	1.35
630.338	1.35
630.595	0.32
630.853	19.01
631.11	-7.47
631.368	-0.14
631.625	1.27
631.883	1.41
632.14	1.36
632.397	1.33
632.655	1.37
632.912	1.47
633.17	0.5
633.427	19.15
633.685	-7.35
633.942	0
634.199	1.42
634.457	1.52
634.714	1.53
634.972	1.56
635.229	1.59
635.486	1.54
635.744	0.49
636.001	19.05
636.258	-7.47
636.516	-0.18
636.773	1.25
637.03	1.3
637.288	1.34
637.545	1.41
637.802	1.37
638.059	1.37
638.317	0.36
638.574	18.99
638.831	-7.44
639.088	-0.09
639.346	1.27
639.603	1.32
639.86	1.33
640.117	1.32
640.374	1.22
640.631	1.24
640.889	0.25
641.146	18.99
641.403	-7.49
641.66	-0.13
641.917	1.23
642.174	1.36
642.431	1.38
642.689	1.46
642.946	1.45
643.203	1.48
643.46	0.51
643.717	19.15
643.974	-7.38
644.231	-0.09
644.488	1.25
644.745	1.35
645.002	1.36
645.259	1.43
645.516	1.39
645.773	1.44
646.03	0.46
646.287	19.12
646.544	-7.42
646.801	-0.1
647.058	1.29
647.315	1.44
647.572	1.56
647.829	1.58
648.086	1.48
648.343	1.5
648.6	0.5
648.856	19.12
649.113	-7.41
649.37	-0.06
649.627	1.3
649.884	1.43
650.141	1.35
650.398	1.28
650.654	1.3
650.911	1.34
651.168	0.33
651.425	19.02
651.682	-7.49
651.938	-0.2
652.195	1.22
652.452	1.4
652.709	1.39
652.965	1.5
653.222	1.53
653.479	1.57
653.736	0.56
653.992	19.16
654.249	-7.44
654.506	-0.14
654.762	1.31
655.019	1.39
655.276	1.36
655.532	1.4
655.789	1.35
656.046	1.36
656.302	0.34
656.559	18.97
656.816	-7.52
657.072	-0.14
657.329	1.27
657.585	1.4
657.842	1.45
658.099	1.45
658.355	1.4
658.612	1.43
658.868	0.47
659.125	19.16
659.381	-7.32
659.638	0.01
659.894	1.41
660.151	1.53
660.407	1.52
660.664	1.49
660.92	1.46
661.177	1.46
661.433	0.45
661.69	19
661.946	-7.54
662.203	-0.24
662.459	1.18
662.715	1.22
662.972	1.24
663.228	1.23
663.485	1.22
663.741	1.23
663.997	0.3
664.254	18.92
664.51	-7.59
664.766	-0.27
665.023	1.13
665.279	1.25
665.535	1.3
665.792	1.29
666.048	1.26
666.304	1.25
666.56	0.32
666.817	18.94
667.073	-7.53
667.329	-0.18
667.586	1.23
667.842	1.37
668.098	1.39
668.354	1.44
668.61	1.45
668.867	1.47
669.123	0.5
669.379	19.06
669.635	-7.48
669.891	-0.17
670.147	1.17
670.404	1.19
670.66	1.19
670.916	1.2
671.172	1.17
671.428	1.13
671.684	0.14
671.94	18.76
672.196	-7.67
672.452	-0.31
672.708	1.13
672.965	1.25
673.221	1.3
673.477	1.29
673.733	1.22
673.989	1.18
674.245	0.23
674.501	18.8
674.757	-7.74
675.013	-0.48
675.269	0.91
675.525	0.97
675.781	1
676.037	1.02
676.292	1.06
676.548	1.11
676.804	0.13
677.06	18.77
677.316	-7.61
677.572	-0.26
677.828	1.15
678.084	1.25
678.34	1.25
678.596	1.32
678.851	1.29
679.107	1.26
679.363	0.24
679.619	18.9
679.875	-7.62
680.131	-0.27
680.386	1.08
680.642	1.19
680.898	1.17
681.154	1.15
681.409	1.06
681.665	1.08
681.921	0.07
682.177	18.68
682.432	-7.81
682.688	-0.48
682.944	0.85
683.199	1.01
683.455	1
683.711	1.09
683.967	1.11
684.222	1.13
684.478	0.11
684.734	18.77
684.989	-7.69
685.245	-0.43
685.5	0.9
685.756	1.03
686.012	1.02
686.267	1.09
686.523	1.04
686.778	1.03
687.034	0.06
687.289	18.72
687.545	-7.74
687.801	-0.43
688.056	0.92
688.312	1.13
688.567	1.14
688.823	1.2
689.078	1.1
689.334	1.08
689.589	0.1
689.845	18.69
690.1	-7.78
690.355	-0.45
690.611	0.99
690.866	1.16
691.122	1.12
691.377	1.14
691.633	1.06
691.888	1.15
692.143	0.22
692.399	18.83
692.654	-7.59
692.909	-0.28
693.165	1.08
693.42	1.16
693.675	1.15
693.931	1.17
694.186	1.1
694.441	1.1
694.697	0.06
694.952	18.63
695.207	-7.82
695.463	-0.55
695.718	0.82
695.973	0.99
696.228	1.01
696.484	1.08
696.739	1.12
696.994	1.14
697.249	0.21
697.504	18.84
697.76	-7.65
698.015	-0.32
698.27	1.11
698.525	1.29
698.78	1.23
699.035	1.2
699.291	1.15
699.546	1.1
699.801	0.16
700.056	18.76
700.311	-7.74
700.566	-0.35
700.821	0.98
701.076	1.04
701.331	0.98
701.586	1.08
701.841	1.07
702.096	1.17
702.351	0.14
702.606	18.7
702.862	-7.79
703.117	-0.45
703.372	0.91
703.626	1.04
703.881	1.03
704.136	1.1
704.391	1.04
704.646	1.14
704.901	0.09
705.156	18.71
705.411	-7.76
705.666	-0.43
705.921	0.94
706.176	1.11
706.431	1.11
706.686	1.16
706.94	1.14
707.195	1.08
707.45	0.01
707.705	18.64
707.96	-7.79
708.215	-0.48
708.469	0.96
708.724	1.08
708.979	1.06
709.234	1.14
709.489	1.11
709.743	1.12
709.998	0.18
710.253	18.78
710.508	-7.68
710.762	-0.39
711.017	1.02
711.272	1.11
711.527	1.13
711.781	1.16
712.036	1.17
712.291	1.2
712.545	0.19
712.8	18.75
713.055	-7.69
713.309	-0.44
713.564	0.97
713.818	1.17
714.073	1.18
714.328	1.14
714.582	1.12
714.837	1.15
715.091	0.15
715.346	18.73
715.601	-7.67
715.855	-0.36
716.11	1.11
716.364	1.27
716.619	1.21
716.873	1.19
717.128	1.22
717.382	1.18
717.637	0.06
717.891	18.65
718.146	-7.82
718.4	-0.6
718.655	0.73
718.909	0.75
719.164	0.68
719.418	0.72
719.672	0.74
719.927	0.7
720.181	-0.28
720.436	18.37
720.69	-8.12
720.944	-0.73
721.199	0.75
721.453	0.93
721.707	0.95
721.962	0.99
722.216	0.96
722.47	0.97
722.725	0.05
722.979	18.69
723.233	-7.76
723.488	-0.44
723.742	0.89
723.996	0.99
724.25	0.94
724.505	0.97
724.759	0.94
725.013	0.98
725.267	-0.04
725.522	18.5
725.776	-7.96
726.03	-0.65
726.284	0.78
726.538	0.86
726.792	0.88
727.047	0.94
727.301	0.94
727.555	0.96
727.809	-0.07
728.063	18.54
728.317	-7.88
728.571	-0.6
728.825	0.8
729.08	0.93
729.334	1.01
729.588	1.01
729.842	1.02
730.096	0.99
730.35	-0.02
730.604	18.59
730.858	-7.85
731.112	-0.52
731.366	0.9
731.62	0.97
731.874	0.9
732.128	0.88
732.382	0.81
732.636	0.76
732.89	-0.16
733.144	18.44
733.398	-7.99
733.652	-0.72
733.905	0.63
734.159	0.73
734.413	0.77
734.667	0.85
734.921	0.83
735.175	0.89
735.429	-0.08
735.683	18.46
735.936	-8.01
736.19	-0.74
736.444	0.72
736.698	0.82
736.952	0.82
737.205	0.79
737.459	0.77
737.713	0.74
737.967	-0.23
738.221	18.38
738.474	-8.06
738.728	-0.8
738.982	0.63
739.236	0.73
739.489	0.71
739.743	0.73
739.997	0.79
740.25	0.84
740.504	-0.12
740.758	18.45
741.011	-8
741.265	-0.7
741.519	0.78
741.772	0.84
742.026	0.78
742.28	0.85
742.533	0.84
742.787	0.79
743.04	-0.19
743.294	18.47
743.547	-7.98
743.801	-0.64
744.055	0.73
744.308	0.84
744.562	0.88
744.815	0.93
745.069	0.92
745.322	0.91
745.576	-0.09
745.829	18.41
746.083	-8.12
746.336	-0.82
746.59	0.54
746.843	0.72
747.097	0.69
747.35	0.64
747.603	0.59
747.857	0.62
748.11	-0.35
748.364	18.26
748.617	-8.16
748.87	-0.83
749.124	0.57
749.377	0.72
749.63	0.72
749.884	0.78
750.137	0.82
750.39	0.87
750.644	-0.15
750.897	18.42
751.15	-8
751.404	-0.67
751.657	0.75
751.91	0.87
752.164	0.83
752.417	0.8
752.67	0.78
752.923	0.83
753.176	-0.12
753.43	18.46
753.683	-7.95
753.936	-0.66
754.189	0.77
754.442	0.9
754.696	0.92
754.949	1
755.202	0.99
755.455	0.97
755.708	0.03
755.961	18.59
756.214	-7.85
756.468	-0.53
756.721	0.86
756.974	0.94
757.227	0.94
757.48	0.95
757.733	0.91
757.986	0.98
758.239	-0
758.492	18.46
758.745	-7.97
758.998	-0.64
759.251	0.74
759.504	0.88
759.757	0.88
760.01	0.89
760.263	0.9
760.516	0.89
760.769	-0.17
761.022	18.42
761.275	-8
761.528	-0.73
761.781	0.63
762.034	0.71
762.287	0.67
762.54	0.68
762.792	0.67
763.045	0.61
763.298	-0.37
763.551	18.27
763.804	-8.14
764.057	-0.8
764.31	0.67
764.562	0.82
764.815	0.83
765.068	0.82
765.321	0.8
765.574	0.77
765.826	-0.15
766.079	18.45
766.332	-7.99
766.585	-0.7
766.837	0.71
767.09	0.85
767.343	0.82
767.595	0.85
767.848	0.92
768.101	0.94
768.354	-0.06
768.606	18.5
768.859	-7.94
769.112	-0.64
769.364	0.76
769.617	0.88
769.869	0.83
770.122	0.83
770.375	0.81
770.627	0.79
770.88	-0.19
771.132	18.44
771.385	-7.97
771.638	-0.69
771.89	0.7
772.143	0.8
772.395	0.78
772.648	0.74
772.9	0.73
773.153	0.78
773.405	-0.22
773.658	18.41
773.91	-8.01
774.163	-0.75
774.415	0.68
774.668	0.83
774.92	0.82
775.173	0.81
775.425	0.87
775.677	0.93
775.93	-0.08
776.182	18.59
776.435	-7.82
776.687	-0.48
776.939	0.95
777.192	1.05
777.444	1.04
777.696	1.1
777.949	1.1
778.201	1.08
778.453	0.04
778.706	18.69
778.958	-7.82
779.21	-0.62
779.463	0.67
779.715	0.82
779.967	0.78
780.219	0.74
780.472	0.7
780.724	0.68
780.976	-0.33
781.228	18.31
781.481	-8.18
781.733	-0.87
781.985	0.57
782.237	0.71
782.489	0.66
782.741	0.71
782.994	0.72
783.246	0.71
783.498	-0.26
783.75	18.29
784.002	-8.18
784.254	-0.9
784.506	0.51
784.758	0.62
785.011	0.59
785.263	0.57
785.515	0.52
785.767	0.54
786.019	-0.43
786.271	18.21
786.523	-8.14
786.775	-0.8
787.027	0.62
787.279	0.75
787.531	0.75
787.783	0.83
788.035	0.87
788.287	0.91
788.539	-0.1
788.791	18.51
789.043	-7.86
789.295	-0.58
789.546	0.82
789.798	0.94
790.05	0.9
790.302	0.94
790.554	0.94
790.806	1.02
791.058	0.07
791.31	18.69
791.561	-7.7
791.813	-0.46
792.065	0.9
792.317	0.99
792.569	1.02
792.821	1.03
793.072	1.02
793.324	0.99
793.576	-0.02
793.828	18.51
794.079	-7.92
794.331	-0.7
794.583	0.7
794.835	0.87
795.086	0.9
795.338	0.89
795.59	0.92
795.841	0.93
796.093	-0.07
796.345	18.45
796.596	-7.93
796.848	-0.66
797.1	0.82
797.351	0.93
797.603	0.86
797.855	0.87
798.106	0.89
798.358	0.85
798.609	-0.12
798.861	18.43
799.113	-7.96
799.364	-0.68
799.616	0.71
799.867	0.75
800.119	0.82
800.37	0.88
800.622	0.84
800.873	0.79
801.125	-0.19
801.376	18.34
801.628	-8.03
801.879	-0.75
802.131	0.64
802.382	0.76
802.634	0.8
802.885	0.74
803.137	0.67
803.388	0.68
803.639	-0.29
803.891	18.33
804.142	-8.05
804.394	-0.77
804.645	0.6
804.896	0.69
805.148	0.69
805.399	0.68
805.65	0.66
805.902	0.69
806.153	-0.31
806.404	18.31
806.656	-8.09
806.907	-0.81
807.158	0.58
807.409	0.73
807.661	0.76
807.912	0.76
808.163	0.7
808.414	0.69
808.666	-0.24
808.917	18.36
809.168	-8.09
809.419	-0.84
809.67	0.61
809.922	0.76
810.173	0.75
810.424	0.8
810.675	0.79
810.926	0.84
811.177	-0.09
811.428	18.47
811.68	-7.96
811.931	-0.68
812.182	0.75
812.433	0.83
812.684	0.81
812.935	0.84
813.186	0.83
813.437	0.77
813.688	-0.24
813.939	18.27
814.19	-8.22
814.441	-0.94
814.692	0.46
814.943	0.56
815.194	0.58
815.445	0.6
815.696	0.59
815.947	0.62
816.198	-0.26
816.449	18.34
816.7	-7.95
816.951	-0.63
817.202	0.83
817.453	0.97
817.704	0.92
817.954	0.95
818.205	0.87
818.456	0.82
818.707	-0.2
818.958	18.36
819.209	-8.08
819.46	-0.88
819.71	0.58
819.961	0.65
820.212	0.62
820.463	0.65
820.714	0.57
820.964	0.61
821.215	-0.29
821.466	18.27
821.717	-8.18
821.967	-0.9
822.218	0.5
822.469	0.59
822.72	0.55
822.97	0.6
823.221	0.54
823.472	0.59
823.722	-0.37
823.973	18.18
824.224	-8.24
824.474	-0.89
824.725	0.56
824.975	0.69
825.226	0.72
825.477	0.82
825.727	0.81
825.978	0.87
826.229	-0.15
826.479	18.41
826.73	-8
826.98	-0.69
827.231	0.67
827.481	0.74
827.732	0.72
827.982	0.69
828.233	0.62
828.483	0.63
828.734	-0.34
828.984	18.3
829.235	-8.1
829.485	-0.83
829.736	0.56
829.986	0.69
830.237	0.68
830.487	0.72
830.737	0.72
830.988	0.73
831.238	-0.29
831.489	18.3
831.739	-8.13
831.989	-0.87
832.24	0.6
832.49	0.72
832.74	0.67
832.991	0.72
833.241	0.74
833.491	0.75
833.742	-0.23
833.992	18.39
834.242	-7.99
834.493	-0.72
834.743	0.7
834.993	0.78
835.243	0.76
835.494	0.84
835.744	0.88
835.994	0.88
836.244	-0.16
836.494	18.44
836.745	-7.99
836.995	-0.76
837.245	0.66
837.495	0.72
837.745	0.71
837.996	0.77
838.246	0.76
838.496	0.75
838.746	-0.29
838.996	18.33
839.246	-8.05
839.496	-0.74
839.746	0.7
839.996	0.81
840.246	0.9
840.497	0.92
840.747	0.91
840.997	0.92
841.247	-0.09
841.497	18.51
841.747	-7.87
841.997	-0.58
842.247	0.84
842.497	0.91
842.747	0.86
842.997	0.83
843.247	0.8
843.496	0.76
843.746	-0.28
843.996	18.35
844.246	-8.01
844.496	-0.73
844.746	0.62
844.996	0.71
845.246	0.74
845.496	0.82
845.746	0.84
845.995	0.9
846.245	-0.06
846.495	18.54
846.745	-7.89
846.995	-0.63
847.245	0.73
847.494	0.86
847.744	0.86
847.994	0.91
848.244	0.9
848.493	0.92
848.743	-0.09
848.993	18.51
849.243	-7.87
849.492	-0.59
849.742	0.86
849.992	0.99
850.242	1
850.491	1.01
850.741	0.91
850.991	0.91
851.24	-0.1
851.49	18.5
851.74	-7.96
851.989	-0.72
852.239	0.62
852.488	0.69
852.738	0.71
852.988	0.68
853.237	0.62
853.487	0.66
853.736	-0.32
853.986	18.31
854.235	-8.11
854.485	-0.81
854.735	0.58
854.984	0.76
855.234	0.77
855.483	0.81
855.733	0.75
855.982	0.8
856.232	-0.24
856.481	18.31
856.73	-8.12
856.98	-0.8
857.229	0.59
857.479	0.75
857.728	0.68
857.978	0.65
858.227	0.62
858.476	0.71
858.726	-0.24
858.975	18.47
859.225	-7.91
859.474	-0.67
859.723	0.71
859.973	0.84
860.222	0.87
860.471	0.93
860.721	0.98
860.97	0.96
861.219	-0.06
861.468	18.48
861.718	-8.04
861.967	-0.77
862.216	0.68
862.465	0.79
862.715	0.76
862.964	0.72
863.213	0.8
863.462	0.79
863.712	-0.15
863.961	18.45
864.21	-7.92
864.459	-0.61
864.708	0.84
864.957	0.93
865.207	0.89
865.456	0.91
865.705	0.93
865.954	0.9
866.203	-0.08
866.452	18.46
866.701	-7.91
866.95	-0.66
867.199	0.73
867.448	0.79
867.698	0.75
867.947	0.79
868.196	0.8
868.445	0.87
868.694	-0.13
868.943	18.5
869.192	-7.87
869.441	-0.62
869.69	0.83
869.939	1.01
870.188	1
870.436	1.06
870.685	1.08
870.934	1.09
871.183	0.02
871.432	18.56
871.681	-7.86
871.93	-0.6
872.179	0.85
872.428	1
872.677	0.95
872.925	1.04
873.174	1.02
873.423	1.09
873.672	0.14
873.921	18.79
874.17	-7.6
874.418	-0.41
874.667	1.01
874.916	1.13
875.165	1.1
875.413	1.11
875.662	1.11
875.911	1.11
876.16	0.06
876.408	18.64
876.657	-7.77
876.906	-0.5
877.155	0.92
877.403	1
877.652	0.98
877.901	1.01
878.149	1.06
878.398	1.06
878.647	0.1
878.895	18.67
879.144	-7.78
879.392	-0.57
879.641	0.81
879.89	0.97
880.138	0.94
880.387	0.91
880.635	0.87
880.884	0.88
881.132	-0.1
881.381	18.44
881.63	-7.96
881.878	-0.66
882.127	0.8
882.375	0.97
882.624	0.95
882.872	0.98
883.121	0.98
883.369	0.99
883.617	-0.01
883.866	18.58
884.114	-7.76
884.363	-0.47
884.611	0.94
884.86	1.03
885.108	1.03
885.356	1.06
885.605	1.07
885.853	1.16
886.102	0.23
886.35	18.82
886.598	-7.6
886.847	-0.39
887.095	0.98
887.343	1.11
887.592	1.11
887.84	1.18
888.088	1.19
888.336	1.16
888.585	0.13
888.833	18.6
889.081	-7.9
889.329	-0.64
889.578	0.82
889.826	0.98
890.074	0.94
890.322	0.97
890.571	0.86
890.819	0.89
891.067	0.02
891.315	18.57
891.563	-7.74
891.811	-0.42
892.06	1.03
892.308	1.13
892.556	1.14
892.804	1.18
893.052	1.19
893.3	1.28
893.548	0.28
893.796	18.8
894.044	-7.56
894.292	-0.3
894.54	1.13
894.788	1.24
895.036	1.27
895.284	1.25
895.533	1.25
895.781	1.28
896.028	0.3
896.276	18.86
896.524	-7.49
896.772	-0.21
897.02	1.23
897.268	1.42
897.516	1.42
897.764	1.52
898.012	1.56
898.26	1.58
898.508	0.57
898.756	19.17
899.004	-7.2
899.252	0.14
899.499	1.62
899.747	1.73
899.995	1.64
900.243	1.65
900.491	1.59
900.739	1.59
900.986	0.65
901.234	19.31
901.482	-7.06
901.73	0.25
901.978	1.66
902.225	1.76
902.473	1.79
902.721	1.91
902.968	1.95
903.216	1.96
903.464	1.11
903.712	19.77
903.959	-6.58
904.207	0.77
904.455	2.26
904.702	2.37
904.95	2.41
905.198	2.49
905.445	2.52
905.693	2.62
905.941	1.73
906.188	20.3
906.436	-6.04
906.683	1.31
906.931	2.78
907.178	3.04
907.426	3.24
907.674	3.47
907.921	3.85
908.169	4.34
908.416	4.1
908.664	23.64
908.911	-1.45
909.159	7.16
909.406	9.94
909.654	11.17
909.901	12.13
910.149	13.02
910.396	14.19
910.644	15.45
910.891	17.02
911.138	40.97
911.386	30.87
911.633	74.85
911.881	157.81
912.128	287.66
912.375	479.89
912.623	726.82
912.87	1029.64
913.117	1388.2
913.365	1809.62
913.612	2303.71
913.859	2820.87
914.107	3434.64
914.354	4109.73
914.601	4803.1
914.849	5523.84
915.096	6246.37
915.343	6957.12
915.59	7644.65
915.838	8311.69
916.085	8965.8
916.332	9537.27
916.579	10088.66
916.827	10566.88
917.074	10953.96
917.321	11283.2
917.568	11518.62
917.815	11667.08
918.062	11774.6
918.31	11839.44
918.557	11884.11
918.804	11825.09
919.051	11760.47
919.298	11664
919.545	11542.75
919.792	11401.69
920.039	11229.66
920.286	11051.8
920.534	10869.79
920.781	10661.88
921.028	10468.34
921.275	10207
921.522	9973.11
921.769	9734.95
922.016	9476.08
922.263	9198.06
922.51	8899.59
922.757	8580.49
923.004	8235.91
923.251	7857.82
923.498	7443.19
923.745	6923.98
923.992	6391.18
924.238	5815.72
924.485	5189.37
924.732	4538.36
924.979	3878.44
925.226	3237.13
925.473	2630.46
925.72	2069.01
925.967	1585.38
926.214	1134.96
926.46	791.67
926.707	515.42
926.954	307.9
927.201	170.47
927.448	85.56
927.694	45.16
927.941	28.15
928.188	20.19
928.435	35.04
928.682	6.03
928.928	11.69
929.175	11.78
929.422	10.93
929.668	9.96
929.915	9.24
930.162	8.38
930.409	7.73
930.655	6.08
930.902	24.22
931.149	-2.71
931.395	4.18
931.642	5.19
931.889	5.02
932.135	4.69
932.382	4.57
932.628	4.32
932.875	4.22
933.122	3.07
933.368	21.6
933.615	-5.01
933.861	2.15
934.108	3.44
934.354	3.48
934.601	3.35
934.847	3.3
935.094	3.11
935.34	3.02
935.587	1.93
935.833	20.39
936.08	-6.16
936.326	1.08
936.573	2.39
936.819	2.47
937.066	2.33
937.312	2.31
937.559	2.25
937.805	2.22
938.051	1.19
938.298	19.74
938.544	-6.69
938.791	0.53
939.037	1.87
939.283	1.97
939.53	1.91
939.776	1.98
940.022	1.93
940.269	1.87
940.515	0.86
940.761	19.38
941.007	-7.08
941.254	0.19
941.5	1.59
941.746	1.76
941.993	1.7
942.239	1.68
942.485	1.6
942.731	1.61
942.977	0.64
943.224	19.23
943.47	-7.15
943.716	0.19
943.962	1.59
944.208	1.7
944.455	1.61
944.701	1.7
944.947	1.69
945.193	1.71
945.439	0.71
945.685	19.22
945.931	-7.26
946.177	0.01
946.423	1.36
946.67	1.51
946.916	1.52
947.162	1.58
947.408	1.53
947.654	1.57
947.9	0.56
948.146	19.14
948.392	-7.19
948.638	0.17
948.884	1.6
949.13	1.66
949.376	1.58
949.622	1.56
949.868	1.5
950.114	1.52
950.359	0.55
950.605	19.12
950.851	-7.25
951.097	-0.03
951.343	1.31
951.589	1.41
951.835	1.41
952.081	1.47
952.327	1.46
952.572	1.5
952.818	0.53
953.064	19.05
953.31	-7.3
953.556	-0.07
953.802	1.33
954.047	1.44
954.293	1.41
954.539	1.47
954.785	1.43
955.03	1.47
955.276	0.45
955.522	19.03
955.768	-7.33
956.013	-0.06
956.259	1.37
956.505	1.54
956.75	1.59
956.996	1.65
957.242	1.62
957.487	1.67
957.733	0.63
957.979	19.2
958.224	-7.21
958.47	0.1
958.716	1.5
958.961	1.62
959.207	1.58
959.452	1.56
959.698	1.53
959.943	1.55
960.189	0.59
960.435	19.23
960.68	-7.15
960.926	0.13
961.171	1.46
961.417	1.53
961.662	1.49
961.908	1.5
962.153	1.48
962.399	1.55
962.644	0.57
962.89	19.12
963.135	-7.29
963.38	0.03
963.626	1.42
963.871	1.58
964.117	1.63
964.362	1.7
964.607	1.67
964.853	1.72
965.098	0.68
965.344	19.27
965.589	-7.12
965.834	0.13
966.08	1.5
966.325	1.61
966.57	1.58
966.815	1.61
967.061	1.57
967.306	1.67
967.551	0.67
967.797	19.31
968.042	-7.1
968.287	0.17
968.532	1.66
968.777	1.77
969.023	1.75
969.268	1.77
969.513	1.78
969.758	1.8
970.003	0.78
970.249	19.33
970.494	-7.12
970.739	0.14
970.984	1.53
971.229	1.55
971.474	1.53
971.719	1.59
971.965	1.63
972.21	1.6
972.455	0.58
972.7	19.14
972.945	-7.22
973.19	0.09
973.435	1.53
973.68	1.71
973.925	1.75
974.17	1.84
974.415	1.83
974.66	1.79
974.905	0.76
975.15	19.41
975.395	-6.97
975.64	0.37
975.885	1.77
976.13	1.84
976.375	1.77
976.62	1.77
976.865	1.72
977.109	1.75
977.354	0.8
977.599	19.41
977.844	-7.04
978.089	0.26
978.334	1.6
978.579	1.72
978.824	1.75
979.068	1.76
979.313	1.75
979.558	1.79
979.803	0.8
980.048	19.38
980.292	-6.99
980.537	0.26
980.782	1.63
981.027	1.81
981.271	1.82
981.516	1.86
981.761	1.86
982.006	1.87
982.25	0.88
982.495	19.44
982.74	-6.91
982.984	0.39
983.229	1.85
983.474	2.01
983.718	1.95
983.963	1.99
984.208	1.96
984.452	2.03
984.697	1.12
984.941	19.72
985.186	-6.68
985.431	0.59
985.675	2.02
985.92	2.14
986.164	2.13
986.409	2.13
986.653	2.1
986.898	2.13
987.142	1.16
987.387	19.7
987.631	-6.71
987.876	0.58
988.12	1.93
988.365	2.03
988.609	2.02
988.854	2
989.098	2
989.343	2
989.587	1.06
989.831	19.63
990.076	-6.81
990.32	0.49
990.565	1.87
990.809	1.95
991.053	1.9
991.298	1.94
991.542	1.99
991.786	2.01
992.031	2
992.275	2.92
992.519	-14.69
992.764	-5.84
993.008	-4.31
993.252	-4.17
993.496	-4.19
993.741	-4.16
993.985	-4.17
994.229	-4.17
994.473	-4.21
994.718	-4.22
994.962	-4.22
995.206	-4.26
995.45	-4.29
995.694	-4.34
995.939	-4.38
996.183	-4.28
996.427	-4.3
996.671	-4.28
996.915	-4.31
997.159	-4.26
997.403	-4.29
997.647	-4.3
997.892	-4.26
998.136	-4.22
998.38	-4.19
998.624	-4.08
998.868	-4.07
999.112	-4
999.356	-4.07
999.6	-4.1
999.844	-4.1
1000.088	-4.01
1000.332	-4.01
1000.576	-3.98
1000.82	-3.98
1001.064	-4
1001.308	-4.09
1001.552	-4.14
1001.796	-4.22
1002.04	-4.15
1002.284	-4.16
1002.528	-4.18
1002.771	-4.23
1003.015	-4.17
1003.259	-4.18
1003.503	-4.15
1003.747	-4.07
1003.991	-4.04
1004.235	-3.96
1004.479	-3.92
1004.722	-3.94
1004.966	-3.87
1005.21	-3.9
1005.454	-3.87
1005.698	-3.91
1005.941	-3.95
1006.185	-4.01
1006.429	-4.07
1006.673	-4.05
1006.916	-4.11
1007.16	-4.14
1007.404	-4.12
1007.648	-4.13
1007.891	-4.04
1008.135	-4.07
1008.379	-4.02
1008.622	-3.98
1008.866	-3.97
1009.11	-3.99
1009.353	-4.02
1009.597	-4.01
1009.841	-3.95
1010.084	-3.95
1010.328	-3.9
1010.571	-3.98
1010.815	-3.96
1011.059	-4.03
1011.302	-4.03
1011.546	-4.04
1011.789	-3.97
1012.033	-3.93
1012.276	-3.88
1012.52	-3.92
1012.763	-3.94
1013.007	-3.93
1013.25	-3.88
1013.494	-3.9
1013.737	-3.87
1013.981	-3.9
1014.224	-3.82
1014.468	-3.83
1014.711	-3.87
1014.955	-3.93
1015.198	-3.96
1015.441	-3.92
1015.685	-3.97
1015.928	-4
1016.172	-3.91
1016.415	-3.87
1016.658	-3.84
1016.902	-3.95
1017.145	-3.97
1017.388	-3.93
1017.632	-3.89
1017.875	-3.85
1018.118	-3.88
1018.362	-3.93
1018.605	-3.89
1018.848	-3.96
1019.091	-3.98
1019.335	-3.99
1019.578	-3.92
1019.821	-3.91
1020.064	-3.92
1020.308	-3.95
1020.551	-3.96
1020.794	-3.98
1021.037	-3.92
1021.28	-3.96
1021.524	-3.96
1021.767	-4
1022.01	-4.06
1022.253	-4.03
1022.496	-4.02
1022.739	-4.06
1022.982	-4.04
1023.226	-4
1023.469	-3.95
1023.712	-3.93
1023.955	-3.94
1024.198	-3.92
1024.441	-3.89
1024.684	-3.81
1024.927	-3.84
1025.17	-3.86
1025.413	-3.82
1025.656	-3.82
1025.899	-3.83
1026.142	-3.84
1026.385	-3.8
1026.628	-3.8
1026.871	-3.79
1027.114	-3.77
1027.357	-3.77
1027.6	-3.8
1027.843	-3.83
1028.086	-3.84
1028.329	-3.85
1028.571	-3.88
1028.814	-3.98
1029.057	-4.06
1029.3	-4.02
1029.543	-4.08
1029.786	-4.11
1030.029	-4.2
1030.271	-4.17
1030.514	-4.19
1030.757	-4.22
1031	-4.25
1031.243	-4.16
1031.485	-4.1
1031.728	-4.02
1031.971	-4
1032.214	-3.95
1032.456	-3.99
1032.699	-3.89
1032.942	-3.89
1033.185	-3.87
1033.427	-3.83
1033.67	-3.81
1033.913	-3.91
1034.155	-3.91
1034.398	-3.98
1034.641	-3.99
1034.883	-3.98
1035.126	-3.96
1035.369	-4.05
1035.611	-4.06
1035.854	-4.03
1036.096	-3.97
1036.339	-3.95
1036.582	-3.94
1036.824	-3.93
1037.067	-3.89
1037.309	-3.92
1037.552	-3.94
1037.794	-3.96
1038.037	-3.9
1038.279	-3.87
1038.522	-3.87
1038.764	-3.91
1039.007	-3.94
1039.249	-3.97
1039.492	-4.05
1039.734	-4.1
1039.977	-4.1
1040.219	-4.1
1040.462	-4.04
1040.704	-4.03
1040.946	-4.02
1041.189	-4.1
1041.431	-4.14
1041.674	-4.17
1041.916	-4.11
1042.158	-4.05
1042.401	-4.08
1042.643	-4.16
1042.885	-4.19
1043.128	-4.18
1043.37	-4.16
1043.612	-4.2
1043.855	-4.21
1044.097	-4.25
1044.339	-4.21
1044.581	-4.22
1044.824	-4.19
1045.066	-4.2
1045.308	-4.18
1045.55	-4.2
1045.793	-4.23
1046.035	-4.24
1046.277	-4.21
1046.519	-4.2
1046.761	-4.16
1047.003	-4.18
1047.246	-4.15
1047.488	-4.15
1047.73	-4.09
1047.972	-4.05
1048.214	-3.98
1048.456	-4.02
1048.698	-4.06
1048.94	-4.05
1049.183	-3.99
1049.425	-3.97
1049.667	-3.97
1049.909	-4
1050.151	-3.96
1050.393	-3.96
1050.635	-3.92
1050.877	-4
1051.119	-4
1051.361	-4.05
1051.603	-4.08
1051.845	-4.1
1052.087	-4.1
1052.329	-4.13
1052.571	-4.09
1052.813	-4.16
1053.054	-4.21
1053.296	-4.27
1053.538	-4.24
1053.78	-4.22
1054.022	-4.14
1054.264	-4.14
1054.506	-4.16
1054.748	-4.15
1054.99	-4.1
1055.231	-4.16
1055.473	-4.16
1055.715	-4.1
1055.957	-4.05
1056.199	-4.06
1056.44	-4.11
1056.682	-4.16
1056.924	-4.16
1057.166	-4.17
1057.408	-4.22
1057.649	-4.27
1057.891	-4.3
1058.133	-4.33
1058.374	-4.38
1058.616	-4.42
1058.858	-4.41
1059.1	-4.41
1059.341	-4.36
1059.583	-4.4
1059.825	-4.38
1060.066	-4.38
1060.308	-4.34
1060.549	-4.33
1060.791	-4.36
1061.033	-4.35
1061.274	-4.34
1061.516	-4.32
1061.757	-4.3
1061.999	-4.37
1062.241	-4.35
1062.482	-4.38
1062.724	-4.4
1062.965	-4.48
1063.207	-4.46
1063.448	-4.45
1063.69	-4.43
1063.931	-4.49
1064.173	-4.51
1064.414	-4.54
1064.656	-4.54
1064.897	-4.59
1065.139	-4.6
1065.38	-4.64
1065.621	-4.57
1065.863	-4.59
1066.104	-4.56
1066.346	-4.57
1066.587	-4.53
1066.828	-4.54
1067.07	-4.5
1067.311	-4.54
1067.552	-4.57
1067.794	-4.56
1068.035	-4.49
1068.276	-4.56
1068.518	-4.57
1068.759	-4.54
1069	-4.58
1069.242	-4.58
1069.483	-4.53
1069.724	-4.62
1069.965	-4.53
1070.207	-4.46
1070.448	-4.45
1070.689	-4.49
1070.93	-4.45
1071.172	-4.44
1071.413	-4.49
1071.654	-4.5
1071.895	-4.51
1072.136	-4.59
1072.377	-4.57
1072.619	-4.58
1072.86	-4.54
1073.101	-4.6
1073.342	-4.58
1073.583	-4.59
1073.824	-4.58
1074.065	-4.62
1074.306	-4.63
1074.547	-4.71
1074.788	-4.66
1075.029	-4.66
1075.271	-4.69
1075.512	-4.78
1075.753	-4.78
1075.994	-4.82
1076.235	-4.85
1076.476	-4.87
1076.717	-4.85
1076.958	-4.84
1077.199	-4.83
1077.439	-4.85
1077.68	-4.87
1077.921	-4.89
1078.162	-4.91
1078.403	-4.91
1078.644	-4.91
1078.885	-4.91
1079.126	-4.94
1079.367	-4.92
1079.608	-4.89
1079.848	-4.9
1080.089	-4.9
1080.33	-4.93
1080.571	-4.93
1080.812	-4.9
1081.053	-4.92
1081.293	-4.97
1081.534	-5.03
1081.775	-5.09
1082.016	-5.07
1082.257	-5.12
1082.497	-5.1
1082.738	-5.2
1082.979	-5.16
1083.219	-5.2
1083.46	-5.19
1083.701	-5.18
1083.942	-5.1
1084.182	-5.05
1084.423	-4.99
1084.664	-5.09
1084.904	-5.1
1085.145	-5.13
1085.386	-5.01
1085.626	-5.06
1085.867	-5.02
1086.107	-5.09
1086.348	-5.12
1086.589	-5.15
1086.829	-5.2
1087.07	-5.2
1087.31	-5.16
1087.551	-5.16
1087.791	-5.17
1088.032	-5.27
1088.272	-5.22
1088.513	-5.27
1088.753	-5.21
1088.994	-5.2
1089.234	-5.2
1089.475	-5.19
1089.715	-5.25
1089.956	-5.27
1090.196	-5.27
1090.437	-5.29
1090.677	-5.25
1090.917	-5.28
1091.158	-5.23
1091.398	-5.26
1091.639	-5.19
1091.879	-5.22
1092.119	-5.18
1092.36	-5.2
1092.6	-5.15
1092.84	-5.16
1093.081	-5.12
1093.321	-5.16
1093.561	-5.17
1093.802	-5.21
1094.042	-5.2
1094.282	-5.36
1094.522	-5.36
1094.763	-5.39
1095.003	-5.36
1095.243	-5.43
1095.483	-5.43
1095.724	-5.44
1095.964	-5.38
1096.204	-5.37
1096.444	-5.34
1096.684	-5.41
1096.925	-5.32
1097.165	-5.33
1097.405	-5.33
1097.645	-5.36
1097.885	-5.35
1098.125	-5.35
1098.365	-5.35
1098.605	-5.41
1098.846	-5.4
1099.086	-5.41
1099.326	-5.36
1099.566	-5.41
1099.806	-5.41
1100.046	-5.44
1100.286	-5.38
1100.526	-5.43
1100.766	-5.46
1101.006	-5.45
1101.246	-5.48
1101.486	-5.58
1101.726	-5.61
1101.966	-5.68
1102.206	-5.67
1102.446	-5.75
1102.686	-5.72
1102.926	-5.78
1103.166	-5.74
1103.405	-5.76
1103.645	-5.88
1103.885	-5.85
1104.125	-5.84
1104.365	-5.88
1104.605	-5.86
1104.845	-5.89
1105.085	-5.82
1105.324	-5.84
1105.564	-5.83
1105.804	-5.86
1106.044	-5.84
1106.284	-5.78
1106.523	-5.78
1106.763	-5.75
1107.003	-5.69
1107.243	-5.67
1107.482	-5.64
1107.722	-5.72
1107.962	-5.69
1108.202	-5.75
1108.441	-5.73
1108.681	-5.78
1108.921	-5.79
1109.16	-5.8
1109.4	-5.78
1109.64	-5.81
1109.879	-5.77
1110.119	-5.83
1110.359	-5.8
1110.598	-5.87
1110.838	-5.81
1111.077	-5.86
1111.317	-5.81
1111.557	-5.81
1111.796	-5.83
1112.036	-5.84
1112.275	-5.84
1112.515	-5.9
1112.754	-5.87
1112.994	-5.87
1113.233	-5.85
1113.473	-5.92
1113.712	-5.87
1113.952	-5.91
1114.191	-5.91
1114.431	-5.93
1114.67	-5.95
1114.91	-5.93
1115.149	-5.89
1115.389	-5.85
1115.628	-5.8
1115.867	-5.8
1116.107	-5.74
1116.346	-5.83
1116.585	-5.78
1116.825	-5.81
1117.064	-5.76
1117.304	-5.74
1117.543	-5.77
1117.782	-5.84
1118.021	-5.88
1118.261	-5.89
1118.5	-5.91
1118.739	-5.93
1118.979	-5.91
1119.218	-5.98
1119.457	-5.99
1119.696	-6.03
1119.936	-6.07
1120.175	-6.16
1120.414	-6.11
1120.653	-6.18
1120.893	-6.21
1121.132	-6.2
1121.371	-6.19
1121.61	-6.18
1121.849	-6.12
1122.088	-6.15
1122.328	-6.19
1122.567	-6.21
1122.806	-6.12
1123.045	-6.17
1123.284	-6.1
1123.523	-6.12
1123.762	-6.14
1124.001	-6.18
1124.24	-6.19
1124.479	-6.21
1124.718	-6.18
1124.957	-6.22
1125.196	-6.19
1125.435	-6.23
1125.674	-6.24
1125.913	-6.27
1126.152	-6.25
1126.391	-6.29
1126.63	-6.32
1126.869	-6.32
1127.108	-6.34
1127.347	-6.35
1127.586	-6.28
1127.825	-6.28
