Data from HR4C45961_13-21-59-744.txt Node
195.373	-320.88
195.645	-275.8
195.916	-241.98
196.187	-215.67
196.459	-194.62
196.73	-178.43
197.002	-103.58
197.273	-56.27
197.544	-1.27
197.816	0.67
198.087	0.9
198.358	0.96
198.63	1
198.901	1.01
199.172	1.07
199.444	0.14
199.715	19.4
199.986	-8.04
200.257	-0.22
200.529	1.36
200.8	1.51
201.071	1.59
201.343	1.75
201.614	1.84
201.885	1.97
202.156	1.06
202.427	20.25
202.699	-7.14
202.97	0.67
203.241	2.26
203.512	2.53
203.783	2.7
204.055	2.84
204.326	2.87
204.597	2.99
204.868	2.05
205.139	21.28
205.41	-6.09
205.681	1.71
205.952	3.26
206.224	3.42
206.495	3.48
206.766	3.57
207.037	3.56
207.308	3.68
207.579	2.74
207.85	21.95
208.121	-5.41
208.392	2.38
208.663	3.94
208.934	4.11
209.205	4.17
209.476	4.16
209.747	4.11
210.018	4.22
210.289	3.12
210.56	22.24
210.831	-5.19
211.102	2.53
211.373	4.1
211.644	4.26
211.915	4.27
212.186	4.32
212.457	4.38
212.728	4.42
212.999	3.36
213.269	22.61
213.54	-4.78
213.811	3.02
214.082	4.56
214.353	4.65
214.624	4.67
214.895	4.75
215.165	4.82
215.436	4.91
215.707	3.93
215.978	23.13
216.249	-4.27
216.52	3.49
216.79	4.9
217.061	5.01
217.332	4.96
217.603	4.93
217.873	4.84
218.144	4.84
218.415	3.74
218.686	22.89
218.956	-4.56
219.227	3.12
219.498	4.6
219.768	4.76
220.039	4.75
220.31	4.87
220.58	4.9
220.851	5.01
221.122	3.96
221.392	23.14
221.663	-4.28
221.934	3.49
222.204	5.04
222.475	5.19
222.746	5.22
223.016	5.23
223.287	5.17
223.557	5.15
223.828	4.11
224.098	23.27
224.369	-4.13
224.64	3.62
224.91	5.04
225.181	5.12
225.451	5.11
225.722	5.13
225.992	5.16
226.263	5.25
226.533	4.27
226.804	23.42
227.074	-4.01
227.345	3.68
227.615	5.14
227.886	5.36
228.156	5.38
228.426	5.34
228.697	5.36
228.967	5.35
229.238	4.32
229.508	23.45
229.779	-3.95
230.049	3.72
230.319	5.15
230.59	5.24
230.86	5.21
231.13	5.25
231.401	5.35
231.671	5.33
231.941	4.32
232.212	23.41
232.482	-3.96
232.752	3.76
233.023	5.23
233.293	5.38
233.563	5.41
233.834	5.43
234.104	5.41
234.374	5.36
234.644	4.34
234.915	23.46
235.185	-3.98
235.455	3.66
235.725	5.13
235.995	5.33
236.266	5.34
236.536	5.36
236.806	5.32
237.076	5.39
237.346	4.38
237.616	23.48
237.887	-3.98
238.157	3.75
238.427	5.22
238.697	5.28
238.967	5.17
239.237	5.16
239.507	5.12
239.777	5.13
240.048	4.02
240.318	23.07
240.588	-4.38
240.858	3.32
241.128	4.76
241.398	4.9
241.668	4.84
241.938	4.92
242.208	4.92
242.478	4.94
242.748	3.82
243.018	22.85
243.288	-4.54
243.558	3.2
243.828	4.62
244.098	4.7
244.368	4.64
244.638	4.7
244.908	4.62
245.178	4.58
245.448	3.54
245.718	22.67
245.987	-4.68
246.257	3.04
246.527	4.45
246.797	4.63
247.067	4.62
247.337	4.61
247.607	4.61
247.877	4.6
248.146	3.59
248.416	22.7
248.686	-4.64
248.956	3
249.226	4.43
249.496	4.56
249.765	4.51
250.035	4.51
250.305	4.43
250.575	4.39
250.844	3.35
251.114	22.38
251.384	-5.05
251.654	2.55
251.923	4.03
252.193	4.16
252.463	4.16
252.732	4.18
253.002	4.12
253.272	4.18
253.542	3.1
253.811	22.18
254.081	-5.23
254.351	2.38
254.62	3.81
254.89	3.89
255.159	3.77
255.429	3.65
255.699	3.55
255.968	3.55
256.238	2.45
256.507	21.54
256.777	-5.88
257.047	1.78
257.316	3.27
257.586	3.43
257.855	3.4
258.125	3.43
258.394	3.45
258.664	3.44
258.933	2.41
259.203	21.45
259.472	-5.96
259.742	1.71
260.011	3.18
260.281	3.26
260.55	3.17
260.82	3.15
261.089	3.12
261.359	3.12
261.628	2.07
261.898	21.13
262.167	-6.24
262.436	1.46
262.706	2.94
262.975	2.99
263.245	2.9
263.514	2.85
263.783	2.77
264.053	2.69
264.322	1.59
264.591	20.66
264.861	-6.69
265.13	1.03
265.399	2.4
265.669	2.41
265.938	2.41
266.207	2.41
266.477	2.42
266.746	2.42
267.015	1.33
267.284	20.38
267.554	-7.03
267.823	0.65
268.092	2.05
268.361	2.15
268.631	2.14
268.9	2.12
269.169	2.12
269.438	2.13
269.707	1.1
269.977	20.19
270.246	-7.18
270.515	0.49
270.784	1.9
271.053	1.97
271.322	1.95
271.591	1.94
271.861	1.84
272.13	1.82
272.399	0.74
272.668	19.78
272.937	-7.64
273.206	-0.05
273.475	1.39
273.744	1.49
274.013	1.42
274.282	1.37
274.551	1.32
274.82	1.3
275.089	0.21
275.358	19.25
275.627	-8.14
275.896	-0.47
276.165	0.98
276.434	1.07
276.703	0.97
276.972	0.99
277.241	0.92
277.51	0.88
277.779	-0.18
278.048	18.89
278.317	-8.47
278.586	-0.81
278.855	0.6
279.124	0.83
279.393	0.82
279.662	0.85
279.93	0.82
280.199	0.88
280.468	-0.18
280.737	18.85
281.006	-8.56
281.275	-0.96
281.544	0.52
281.812	0.65
282.081	0.51
282.35	0.46
282.619	0.37
282.888	0.3
283.156	-0.81
283.425	18.26
283.694	-9.05
283.963	-1.39
284.231	0.05
284.5	0.16
284.769	0.13
285.038	0.14
285.306	0.12
285.575	0.11
285.844	-0.92
286.112	18.12
286.381	-9.21
286.65	-1.53
286.918	-0.02
287.187	0.09
287.456	0.01
287.724	0
287.993	-0.08
288.262	-0.08
288.53	-1.1
288.799	17.97
289.067	-9.31
289.336	-1.59
289.604	-0.16
289.873	-0.09
290.142	-0.18
290.41	-0.19
290.679	-0.22
290.947	-0.22
291.216	-1.31
291.484	17.68
291.753	-9.69
292.021	-2.04
292.29	-0.66
292.558	-0.62
292.827	-0.68
293.095	-0.68
293.364	-0.76
293.632	-0.8
293.901	-1.85
294.169	17.18
294.438	-10.1
294.706	-2.41
294.974	-1.03
295.243	-0.91
295.511	-0.88
295.78	-0.85
296.048	-0.84
296.316	-0.81
296.585	-1.82
296.853	17.26
297.121	-10.04
297.39	-2.44
297.658	-0.98
297.926	-0.86
298.195	-0.9
298.463	-0.91
298.731	-1.02
299	-1.04
299.268	-2.09
299.536	16.99
299.804	-10.32
300.073	-2.68
300.341	-1.19
300.609	-1.06
300.877	-1.09
301.146	-1.08
301.414	-1.14
301.682	-1.07
301.95	-2.1
302.218	17
302.487	-10.32
302.755	-2.75
303.023	-1.31
303.291	-1.23
303.559	-1.25
303.827	-1.23
304.096	-1.25
304.364	-1.21
304.632	-2.29
304.9	16.81
305.168	-10.53
305.436	-2.92
305.704	-1.41
305.972	-1.26
306.24	-1.22
306.508	-1.21
306.776	-1.25
307.045	-1.24
307.313	-2.31
307.581	16.7
307.849	-10.63
308.117	-2.96
308.385	-1.53
308.653	-1.45
308.921	-1.47
309.189	-1.47
309.457	-1.49
309.724	-1.45
309.992	-2.48
310.26	16.6
310.528	-10.58
310.796	-2.93
311.064	-1.43
311.332	-1.27
311.6	-1.2
311.868	-1.2
312.136	-1.25
312.404	-1.25
312.672	-2.23
312.939	16.81
313.207	-10.38
313.475	-2.75
313.743	-1.23
314.011	-1.07
314.279	-1.1
314.546	-1.1
314.814	-1.09
315.082	-1.02
315.35	-2.03
315.618	16.92
315.885	-10.29
316.153	-2.68
316.421	-1.19
316.689	-1.14
316.956	-1.18
317.224	-1.06
317.492	-1.07
317.759	-1.07
318.027	-2.12
318.295	16.85
318.563	-10.28
318.83	-2.65
319.098	-1.2
319.366	-1.07
319.633	-1.03
319.901	-1.03
320.169	-1.12
320.436	-1.15
320.704	-2.22
320.971	16.81
321.239	-10.35
321.507	-2.76
321.774	-1.31
322.042	-1.15
322.309	-1.17
322.577	-1.12
322.844	-1.05
323.112	-1
323.38	-1.98
323.647	17.13
323.915	-10.05
324.182	-2.42
324.45	-1
324.717	-0.83
324.985	-0.83
325.252	-0.77
325.52	-0.8
325.787	-0.85
326.054	-1.87
326.322	17.18
326.589	-10.04
326.857	-2.44
327.124	-1
327.392	-0.78
327.659	-0.82
327.926	-0.77
328.194	-0.81
328.461	-0.76
328.729	-1.79
328.996	17.26
329.263	-9.89
329.531	-2.24
329.798	-0.73
330.065	-0.58
330.333	-0.6
330.6	-0.53
330.867	-0.55
331.135	-0.55
331.402	-1.59
331.669	17.49
331.936	-9.7
332.204	-2.11
332.471	-0.66
332.738	-0.53
333.005	-0.51
333.273	-0.48
333.54	-0.49
333.807	-0.41
334.074	-1.38
334.341	17.67
334.609	-9.47
334.876	-1.81
335.143	-0.35
335.41	-0.22
335.677	-0.15
335.944	-0.11
336.212	-0.12
336.479	-0.08
336.746	-1.13
337.013	17.84
337.28	-9.32
337.547	-1.7
337.814	-0.33
338.081	-0.11
338.348	-0.06
338.616	-0.07
338.883	-0.07
339.15	-0.02
339.417	-1.02
339.684	18.07
339.951	-9.01
340.218	-1.39
340.485	0.01
340.752	0.27
341.019	0.27
341.286	0.32
341.553	0.32
341.82	0.36
342.087	-0.65
342.354	18.38
342.62	-8.87
342.887	-1.19
343.154	0.3
343.421	0.5
343.688	0.48
343.955	0.49
344.222	0.46
344.489	0.48
344.756	-0.5
345.023	18.56
345.289	-8.62
345.556	-0.92
345.823	0.53
346.09	0.74
346.357	0.78
346.624	0.83
346.89	0.86
347.157	0.91
347.424	-0.07
347.691	19
347.958	-8.23
348.224	-0.58
348.491	0.82
348.758	0.97
349.025	0.92
349.291	0.91
349.558	0.92
349.825	0.85
350.091	-0.13
350.358	18.86
350.625	-8.29
350.891	-0.64
351.158	0.8
351.425	1
351.691	1
351.958	1.04
352.225	1.05
352.491	1.07
352.758	0.13
353.025	19.17
353.291	-8.01
353.558	-0.42
353.824	1.03
354.091	1.16
354.358	1.18
354.624	1.2
354.891	1.19
355.157	1.24
355.424	0.24
355.69	19.29
355.957	-7.83
356.223	-0.13
356.49	1.35
356.756	1.52
357.023	1.59
357.289	1.58
357.556	1.52
357.822	1.57
358.089	0.6
358.355	19.68
358.622	-7.46
358.888	0.1
359.154	1.49
359.421	1.63
359.687	1.67
359.954	1.7
360.22	1.72
360.486	1.81
360.753	0.8
361.019	19.73
361.286	-7.42
361.552	0.19
361.818	1.66
362.085	1.84
362.351	1.84
362.617	1.84
362.884	1.82
363.15	1.88
363.416	0.9
363.682	19.88
363.949	-7.17
364.215	0.43
364.481	1.89
364.747	2.07
365.014	2.12
365.28	2.15
365.546	2.2
365.812	2.27
366.079	1.28
366.345	20.27
366.611	-6.82
366.877	0.74
367.143	2.16
367.409	2.27
367.676	2.26
367.942	2.27
368.208	2.24
368.474	2.25
368.74	1.2
369.006	20.19
369.272	-6.94
369.538	0.62
369.805	2.06
370.071	2.21
370.337	2.22
370.603	2.29
370.869	2.31
371.135	2.4
371.401	1.39
371.667	20.38
371.933	-6.7
372.199	0.94
372.465	2.48
372.731	2.68
372.997	2.7
373.263	2.76
373.529	2.7
373.795	2.73
374.061	1.7
374.327	20.67
374.593	-6.4
374.859	1.14
375.125	2.58
375.39	2.67
375.656	2.66
375.922	2.72
376.188	2.68
376.454	2.72
376.72	1.64
376.986	20.56
377.252	-6.57
377.517	1
377.783	2.45
378.049	2.54
378.315	2.56
378.581	2.6
378.847	2.53
379.112	2.56
379.378	1.53
379.644	20.49
379.91	-6.55
380.175	1
380.441	2.48
380.707	2.64
380.973	2.69
381.238	2.69
381.504	2.63
381.77	2.62
382.036	1.56
382.301	20.51
382.567	-6.55
382.833	0.97
383.098	2.48
383.364	2.6
383.63	2.63
383.895	2.65
384.161	2.63
384.427	2.69
384.692	1.79
384.958	20.77
385.223	-6.27
385.489	1.26
385.755	2.78
386.02	2.9
386.286	2.9
386.551	2.87
386.817	2.87
387.082	2.85
387.348	1.83
387.613	20.75
387.879	-6.27
388.144	1.29
388.41	2.78
388.675	2.89
388.941	2.86
389.206	2.8
389.472	2.73
389.737	2.72
390.003	1.69
390.268	20.6
390.534	-6.52
390.799	0.98
391.064	2.41
391.33	2.58
391.595	2.52
391.861	2.54
392.126	2.59
392.391	2.67
392.657	1.6
392.922	20.53
393.188	-6.52
393.453	1.02
393.718	2.41
393.984	2.53
394.249	2.49
394.514	2.49
394.779	2.45
395.045	2.42
395.31	1.35
395.575	20.31
395.841	-6.69
396.106	0.81
396.371	2.19
396.636	2.33
396.902	2.27
397.167	2.23
397.432	2.24
397.697	2.28
397.962	1.27
398.228	20.19
398.493	-6.89
398.758	0.65
399.023	2.11
399.288	2.33
399.553	2.32
399.819	2.4
400.084	2.4
400.349	2.4
400.614	1.31
400.879	20.24
401.144	-6.78
401.409	0.72
401.674	2.15
401.939	2.29
402.204	2.25
402.469	2.32
402.734	2.28
403	2.37
403.265	1.39
403.53	20.34
403.795	-6.72
404.06	0.81
404.325	2.22
404.59	2.32
404.855	2.3
405.12	2.28
405.384	2.25
405.649	2.25
405.914	1.14
406.179	20.07
406.444	-6.96
406.709	0.58
406.974	2
407.239	2.2
407.504	2.2
407.769	2.14
408.034	2.07
408.299	2.09
408.563	1.02
408.828	19.89
409.093	-7.19
409.358	0.3
409.623	1.72
409.888	1.86
410.152	1.85
410.417	1.82
410.682	1.85
410.947	1.88
411.212	0.82
411.476	19.76
411.741	-7.17
412.006	0.32
412.271	1.75
412.535	1.92
412.8	1.85
413.065	1.81
413.329	1.77
413.594	1.79
413.859	0.77
414.124	19.62
414.388	-7.41
414.653	0.03
414.918	1.52
415.182	1.72
415.447	1.69
415.711	1.76
415.976	1.8
416.241	1.88
416.505	0.8
416.77	19.61
417.034	-7.44
417.299	0.09
417.564	1.59
417.828	1.69
418.093	1.62
418.357	1.61
418.622	1.53
418.886	1.53
419.151	0.42
419.415	19.29
419.68	-7.63
419.944	-0.1
420.209	1.3
420.473	1.36
420.738	1.32
421.002	1.33
421.267	1.29
421.531	1.28
421.796	0.25
422.06	19.16
422.325	-7.77
422.589	-0.25
422.853	1.2
423.118	1.38
423.382	1.39
423.646	1.41
423.911	1.36
424.175	1.34
424.44	0.29
424.704	19.08
424.968	-7.94
425.233	-0.46
425.497	0.93
425.761	0.98
426.026	0.85
426.29	0.85
426.554	0.77
426.818	0.73
427.083	-0.32
427.347	18.52
427.611	-8.43
427.875	-0.91
428.14	0.53
428.404	0.65
428.668	0.69
428.932	0.71
429.197	0.71
429.461	0.72
429.725	-0.31
429.989	18.53
430.253	-8.37
430.517	-0.87
430.782	0.55
431.046	0.67
431.31	0.71
431.574	0.72
431.838	0.68
432.102	0.61
432.366	-0.4
432.63	18.53
432.894	-8.39
433.159	-0.9
433.423	0.53
433.687	0.68
433.951	0.65
434.215	0.59
434.479	0.59
434.743	0.64
435.007	-0.4
435.271	18.45
435.535	-8.52
435.799	-1.08
436.063	0.32
436.327	0.45
436.591	0.4
436.855	0.42
437.119	0.41
437.383	0.38
437.646	-0.67
437.91	18.18
438.174	-8.76
438.438	-1.26
438.702	0.27
438.966	0.35
439.23	0.36
439.494	0.37
439.758	0.31
440.021	0.27
440.285	-0.72
440.549	18.11
440.813	-8.76
441.077	-1.22
441.341	0.17
441.604	0.25
441.868	0.28
442.132	0.24
442.396	0.23
442.66	0.25
442.923	-0.71
443.187	18.15
443.451	-8.75
443.715	-1.29
443.978	0.09
444.242	0.2
444.506	0.16
444.769	0.16
445.033	0.09
445.297	0.11
445.56	-0.9
445.824	17.87
446.088	-9.06
446.351	-1.6
446.615	-0.17
446.879	-0.05
447.142	-0.08
447.406	-0.1
447.669	-0.2
447.933	-0.23
448.197	-1.29
448.46	17.51
448.724	-9.33
448.987	-1.81
449.251	-0.36
449.515	-0.22
449.778	-0.24
450.042	-0.2
450.305	-0.18
450.569	-0.08
450.832	-1
451.096	17.92
451.359	-8.95
451.623	-1.48
451.886	-0.13
452.15	0.03
452.413	-0
452.676	0.06
452.94	0.1
453.203	0.11
453.467	-0.92
453.73	17.91
453.994	-9.05
454.257	-1.55
454.52	-0.14
454.784	-0.01
455.047	-0.08
455.31	-0.08
455.574	-0.16
455.837	-0.21
456.1	-1.21
456.364	17.6
456.627	-9.27
456.89	-1.78
457.154	-0.34
457.417	-0.22
457.68	-0.22
457.944	-0.2
458.207	-0.23
458.47	-0.18
458.733	-1.16
458.997	17.63
459.26	-9.22
459.523	-1.8
459.786	-0.4
460.049	-0.29
460.313	-0.25
460.576	-0.27
460.839	-0.2
461.102	-0.17
461.365	-1.25
461.628	17.53
461.892	-9.27
462.155	-1.8
462.418	-0.39
462.681	-0.29
462.944	-0.31
463.207	-0.31
463.47	-0.31
463.733	-0.38
463.996	-1.39
464.26	17.51
464.523	-9.38
464.786	-1.99
465.049	-0.56
465.312	-0.35
465.575	-0.33
465.838	-0.33
466.101	-0.34
466.364	-0.34
466.627	-1.36
466.89	17.45
467.153	-9.4
467.416	-1.85
467.679	-0.36
467.942	-0.18
468.205	-0.29
468.467	-0.31
468.73	-0.31
468.993	-0.26
469.256	-1.25
469.519	17.64
469.782	-9.18
470.045	-1.77
470.308	-0.41
470.571	-0.32
470.834	-0.35
471.096	-0.32
471.359	-0.31
471.622	-0.24
471.885	-1.29
472.148	17.49
472.41	-9.37
472.673	-1.9
472.936	-0.48
473.199	-0.29
473.462	-0.22
473.724	-0.22
473.987	-0.24
474.25	-0.22
474.513	-1.27
474.775	17.55
475.038	-9.25
475.301	-1.73
475.563	-0.3
475.826	-0.16
476.089	-0.27
476.352	-0.35
476.614	-0.34
476.877	-0.28
477.139	-1.25
477.402	17.57
477.665	-9.23
477.927	-1.75
478.19	-0.36
478.453	-0.24
478.715	-0.17
478.978	-0.07
479.24	0.02
479.503	0.06
479.766	-0.92
480.028	17.87
480.291	-8.95
480.553	-1.57
480.816	-0.17
481.078	-0.09
481.341	-0.1
481.603	-0.11
481.866	-0.09
482.128	-0.12
482.391	-1.17
482.653	17.62
482.916	-9.18
483.178	-1.64
483.441	-0.16
483.703	0.07
483.965	0.12
484.228	0.11
484.49	0.1
484.753	0.11
485.015	-0.87
485.277	17.97
485.54	-8.78
485.802	-1.29
486.065	0.09
486.327	0.23
486.589	0.19
486.852	0.2
487.114	0.25
487.376	0.25
487.638	-0.74
487.901	18.08
488.163	-8.69
488.425	-1.25
488.688	0.17
488.95	0.29
489.212	0.3
489.474	0.31
489.737	0.31
489.999	0.35
490.261	-0.67
490.523	18.15
490.786	-8.64
491.048	-1.23
491.31	0.18
491.572	0.32
491.834	0.32
492.096	0.31
492.359	0.34
492.621	0.4
492.883	-0.59
493.145	18.24
493.407	-8.53
493.669	-1.1
493.931	0.3
494.193	0.46
494.455	0.45
494.718	0.47
494.98	0.47
495.242	0.52
495.504	-0.51
495.766	18.22
496.028	-8.46
496.29	-1.06
496.552	0.37
496.814	0.57
497.076	0.55
497.338	0.59
497.6	0.55
497.862	0.62
498.124	-0.37
498.386	18.4
498.648	-8.34
498.91	-0.99
499.172	0.45
499.433	0.65
499.695	0.64
499.957	0.7
500.219	0.72
500.481	0.79
500.743	-0.25
501.005	18.46
501.267	-8.24
501.529	-0.78
501.79	0.69
502.052	0.8
502.314	0.79
502.576	0.84
502.838	0.81
503.099	0.8
503.361	-0.21
503.623	18.6
503.885	-8.09
504.147	-0.61
504.408	0.83
504.67	0.92
504.932	0.97
505.194	0.98
505.455	0.96
505.717	1
505.979	0.04
506.24	18.82
506.502	-7.91
506.764	-0.51
507.025	0.89
507.287	1.02
507.549	1.07
507.81	1.07
508.072	1.04
508.334	1.08
508.595	0.07
508.857	18.75
509.119	-7.98
509.38	-0.57
509.642	0.84
509.903	0.97
510.165	0.95
510.426	1.02
510.688	1.03
510.949	1.09
511.211	0.04
511.473	18.84
511.734	-7.86
511.996	-0.42
512.257	1.01
512.519	1.21
512.78	1.23
513.042	1.31
513.303	1.23
513.564	1.23
513.826	0.21
514.087	19.03
514.349	-7.7
514.61	-0.27
514.872	1.18
515.133	1.3
515.394	1.28
515.656	1.22
515.917	1.17
516.179	1.24
516.44	0.27
516.701	19.02
516.963	-7.76
517.224	-0.37
517.485	1.07
517.747	1.2
518.008	1.22
518.269	1.27
518.53	1.33
518.792	1.4
519.053	0.4
519.314	19.19
519.576	-7.51
519.837	-0.02
520.098	1.42
520.359	1.53
520.62	1.5
520.882	1.48
521.143	1.41
521.404	1.43
521.665	0.36
521.926	19.07
522.188	-7.59
522.449	-0.16
522.71	1.26
522.971	1.38
523.232	1.41
523.493	1.47
523.755	1.5
524.016	1.54
524.277	0.47
524.538	19.24
524.799	-7.45
525.06	-0.11
525.321	1.27
525.582	1.39
525.843	1.44
526.104	1.46
526.365	1.42
526.626	1.46
526.887	0.47
527.148	19.24
527.409	-7.42
527.67	-0.04
527.931	1.41
528.192	1.57
528.453	1.53
528.714	1.54
528.975	1.5
529.236	1.56
529.497	0.58
529.758	19.3
530.019	-7.3
530.28	0.11
530.541	1.55
530.801	1.67
531.062	1.71
531.323	1.78
531.584	1.81
531.845	1.88
532.106	0.87
532.367	19.55
532.627	-7.09
532.888	0.31
533.149	1.78
533.41	1.91
533.671	1.94
533.931	1.93
534.192	1.82
534.453	1.78
534.714	0.76
534.974	19.51
535.235	-7.1
535.496	0.31
535.757	1.68
536.017	1.8
536.278	1.83
536.539	1.8
536.799	1.82
537.06	1.9
537.321	0.93
537.581	19.71
537.842	-6.97
538.103	0.37
538.363	1.78
538.624	1.92
538.885	1.9
539.145	1.85
539.406	1.85
539.666	1.87
539.927	0.87
540.188	19.6
540.448	-7.14
540.709	0.25
540.969	1.67
541.23	1.77
541.49	1.76
541.751	1.74
542.011	1.78
542.272	1.83
542.532	0.78
542.793	19.52
543.053	-7.17
543.314	0.21
543.574	1.61
543.835	1.72
544.095	1.71
544.356	1.72
544.616	1.77
544.876	1.79
545.137	0.73
545.397	19.52
545.658	-7.11
545.918	0.27
546.178	1.7
546.439	1.77
546.699	1.8
546.959	1.88
547.22	1.91
547.48	1.92
547.74	0.85
548.001	19.55
548.261	-7.15
548.521	0.22
548.782	1.65
549.042	1.83
549.302	1.89
549.562	1.91
549.823	1.81
550.083	1.73
550.343	0.67
550.603	19.42
550.864	-7.17
551.124	0.22
551.384	1.6
551.644	1.71
551.904	1.69
552.165	1.74
552.425	1.69
552.685	1.76
552.945	0.79
553.205	19.51
553.465	-7.16
553.725	0.21
553.986	1.6
554.246	1.75
554.506	1.74
554.766	1.72
555.026	1.67
555.286	1.74
555.546	0.71
555.806	19.44
556.066	-7.2
556.326	0.27
556.586	1.73
556.846	1.92
557.106	1.93
557.366	1.91
557.626	1.93
557.886	1.92
558.146	0.82
558.406	19.54
558.666	-7.11
558.926	0.31
559.186	1.61
559.446	1.66
559.706	1.59
559.966	1.57
560.226	1.58
560.486	1.58
560.746	0.62
561.005	19.37
561.265	-7.28
561.525	0.05
561.785	1.44
562.045	1.62
562.305	1.63
562.564	1.68
562.824	1.67
563.084	1.64
563.344	0.68
563.604	19.35
563.863	-7.28
564.123	0.17
564.383	1.66
564.643	1.74
564.903	1.69
565.162	1.69
565.422	1.66
565.682	1.7
565.941	0.76
566.201	19.43
566.461	-7.16
566.721	0.19
566.98	1.55
567.24	1.67
567.5	1.71
567.759	1.69
568.019	1.67
568.278	1.64
568.538	0.61
568.798	19.33
569.057	-7.31
569.317	0.04
569.577	1.52
569.836	1.61
570.096	1.54
570.355	1.54
570.615	1.58
570.874	1.6
571.134	0.65
571.393	19.35
571.653	-7.27
571.912	0.15
572.172	1.6
572.431	1.67
572.691	1.71
572.95	1.75
573.21	1.75
573.469	1.79
573.729	0.84
573.988	19.52
574.248	-7.1
574.507	0.28
574.767	1.62
575.026	1.71
575.285	1.74
575.545	1.72
575.804	1.71
576.063	1.73
576.323	0.7
576.582	19.33
576.842	-7.31
577.101	0.06
577.36	1.43
577.62	1.61
577.879	1.56
578.138	1.57
578.397	1.59
578.657	1.57
578.916	0.55
579.175	19.26
579.435	-7.32
579.694	0.12
579.953	1.54
580.212	1.64
580.471	1.61
580.731	1.66
580.99	1.66
581.249	1.69
581.508	0.74
581.767	19.45
582.027	-7.14
582.286	0.24
582.545	1.61
582.804	1.7
583.063	1.72
583.322	1.73
583.581	1.71
583.841	1.67
584.1	0.63
584.359	19.27
584.618	-7.38
584.877	-0.07
585.136	1.4
585.395	1.47
585.654	1.47
585.913	1.45
586.172	1.38
586.431	1.41
586.69	0.45
586.949	19.12
587.208	-7.47
587.467	-0.07
587.726	1.38
587.985	1.48
588.244	1.56
588.503	1.57
588.762	1.59
589.021	1.62
589.28	0.63
589.539	19.31
589.798	-7.24
590.057	0.12
590.316	1.55
590.574	1.67
590.833	1.61
591.092	1.52
591.351	1.54
591.61	1.54
591.869	0.55
592.128	19.18
592.386	-7.4
592.645	-0.03
592.904	1.4
593.163	1.5
593.422	1.47
593.68	1.46
593.939	1.46
594.198	1.42
594.457	0.48
594.715	19.27
594.974	-7.25
595.233	0.07
595.492	1.46
595.75	1.56
596.009	1.58
596.268	1.56
596.526	1.55
596.785	1.58
597.044	0.61
597.302	19.2
597.561	-7.46
597.82	-0.09
598.078	1.36
598.337	1.49
598.595	1.52
598.854	1.49
599.113	1.48
599.371	1.49
599.63	0.51
599.888	19.2
600.147	-7.28
600.405	0.07
600.664	1.44
600.923	1.53
601.181	1.51
601.44	1.54
601.698	1.53
601.957	1.57
602.215	0.61
602.474	19.28
602.732	-7.24
602.99	0.03
603.249	1.39
603.507	1.47
603.766	1.49
604.024	1.49
604.283	1.42
604.541	1.5
604.799	0.52
605.058	19.22
605.316	-7.33
605.575	-0.03
605.833	1.43
606.091	1.57
606.35	1.61
606.608	1.65
606.866	1.69
607.125	1.72
607.383	0.66
607.641	19.29
607.9	-7.32
608.158	0.01
608.416	1.38
608.674	1.48
608.933	1.45
609.191	1.46
609.449	1.4
609.707	1.38
609.966	0.39
610.224	19.04
610.482	-7.5
610.74	-0.14
610.998	1.3
611.257	1.46
611.515	1.45
611.773	1.52
612.031	1.47
612.289	1.49
612.547	0.46
612.806	19.1
613.064	-7.45
613.322	-0.09
613.58	1.3
613.838	1.41
614.096	1.41
614.354	1.41
614.612	1.38
614.87	1.48
615.128	0.53
615.386	19.2
615.644	-7.32
615.902	0.04
616.16	1.48
616.418	1.57
616.676	1.58
616.934	1.57
617.192	1.51
617.45	1.47
617.708	0.43
617.966	19.09
618.224	-7.38
618.482	-0.03
618.74	1.33
618.998	1.42
619.256	1.41
619.514	1.37
619.772	1.38
620.03	1.47
620.287	0.49
620.545	19.12
620.803	-7.44
621.061	-0.19
621.319	1.21
621.577	1.36
621.834	1.37
622.092	1.42
622.35	1.42
622.608	1.46
622.866	0.5
623.123	19.18
623.381	-7.32
623.639	-0.01
623.897	1.39
624.154	1.48
624.412	1.48
624.67	1.49
624.928	1.44
625.185	1.46
625.443	0.41
625.701	19.05
625.958	-7.49
626.216	-0.22
626.474	1.17
626.731	1.35
626.989	1.37
627.247	1.42
627.504	1.4
627.762	1.42
628.02	0.41
628.277	19
628.535	-7.58
628.792	-0.28
629.05	1.19
629.307	1.34
629.565	1.3
629.823	1.35
630.08	1.24
630.338	1.22
630.595	0.19
630.853	18.88
631.11	-7.6
631.368	-0.31
631.625	1.07
631.883	1.17
632.14	1.11
632.397	1.13
632.655	1.09
632.912	1.14
633.17	0.18
633.427	18.86
633.685	-7.68
633.942	-0.32
634.199	1.11
634.457	1.25
634.714	1.22
634.972	1.21
635.229	1.19
635.486	1.18
635.744	0.21
636.001	18.81
636.258	-7.77
636.516	-0.44
636.773	0.96
637.03	1.08
637.288	1.07
637.545	1.13
637.802	1.14
638.059	1.11
638.317	0.11
638.574	18.79
638.831	-7.64
639.088	-0.18
639.346	1.17
639.603	1.29
639.86	1.31
640.117	1.37
640.374	1.32
640.631	1.33
640.889	0.3
641.146	18.95
641.403	-7.61
641.66	-0.33
641.917	0.93
642.174	1.17
642.431	1.14
642.689	1.14
642.946	1.12
643.203	1.14
643.46	0.19
643.717	18.92
643.974	-7.58
644.231	-0.26
644.488	1.11
644.745	1.28
645.002	1.19
645.259	1.2
645.516	1.19
645.773	1.22
646.03	0.29
646.287	18.89
646.544	-7.59
646.801	-0.22
647.058	1.2
647.315	1.36
647.572	1.35
647.829	1.35
648.086	1.33
648.343	1.32
648.6	0.29
648.856	18.88
649.113	-7.58
649.37	-0.32
649.627	1.06
649.884	1.17
650.141	1.18
650.398	1.23
650.654	1.23
650.911	1.27
651.168	0.27
651.425	18.93
651.682	-7.59
651.938	-0.29
652.195	1.14
652.452	1.25
652.709	1.25
652.965	1.26
653.222	1.2
653.479	1.23
653.736	0.17
653.992	18.79
654.249	-7.7
654.506	-0.39
654.762	1.01
655.019	1.11
655.276	1.02
655.532	1.01
655.789	0.96
656.046	0.99
656.302	0.01
656.559	18.68
656.816	-7.8
657.072	-0.48
657.329	0.98
657.585	1.14
657.842	1.16
658.099	1.27
658.355	1.27
658.612	1.33
658.868	0.33
659.125	18.97
659.381	-7.54
659.638	-0.24
659.894	1.16
660.151	1.21
660.407	1.21
660.664	1.21
660.92	1.18
661.177	1.2
661.433	0.15
661.69	18.81
661.946	-7.71
662.203	-0.42
662.459	1
662.715	1.13
662.972	1.13
663.228	1.09
663.485	1.11
663.741	1.1
663.997	0.1
664.254	18.76
664.51	-7.73
664.766	-0.44
665.023	1.07
665.279	1.2
665.535	1.13
665.792	1.2
666.048	1.24
666.304	1.19
666.56	0.21
666.817	18.91
667.073	-7.55
667.329	-0.24
667.586	1.25
667.842	1.3
668.098	1.36
668.354	1.43
668.61	1.39
668.867	1.35
669.123	0.41
669.379	19.03
669.635	-7.57
669.891	-0.28
670.147	1.14
670.404	1.16
670.66	1.17
670.916	1.16
671.172	1.15
671.428	1.12
671.684	0.12
671.94	18.68
672.196	-7.79
672.452	-0.45
672.708	0.97
672.965	1.13
673.221	1.23
673.477	1.24
673.733	1.16
673.989	1.14
674.245	0.19
674.501	18.88
674.757	-7.54
675.013	-0.28
675.269	1.16
675.525	1.22
675.781	1.12
676.037	1.09
676.292	1.07
676.548	1.14
676.804	0.2
677.06	18.8
677.316	-7.69
677.572	-0.4
677.828	1.02
678.084	1.12
678.34	1.13
678.596	1.24
678.851	1.22
679.107	1.24
679.363	0.26
679.619	18.87
679.875	-7.6
680.131	-0.34
680.386	1.07
680.642	1.22
680.898	1.19
681.154	1.19
681.409	1.08
681.665	1.02
681.921	0.01
682.177	18.56
682.432	-7.97
682.688	-0.66
682.944	0.72
683.199	0.82
683.455	0.76
683.711	0.77
683.967	0.79
684.222	0.8
684.478	-0.09
684.734	18.54
684.989	-7.93
685.245	-0.53
685.5	0.84
685.756	1
686.012	0.96
686.267	0.97
686.523	0.96
686.778	0.99
687.034	0.02
687.289	18.58
687.545	-7.89
687.801	-0.54
688.056	0.88
688.312	1.03
688.567	1.03
688.823	1.1
689.078	1.07
689.334	1.06
689.589	0.07
689.845	18.68
690.1	-7.76
690.355	-0.47
690.611	0.9
690.866	0.98
691.122	0.94
691.377	0.96
691.633	0.91
691.888	1
692.143	0.04
692.399	18.68
692.654	-7.78
692.909	-0.49
693.165	0.92
693.42	1.09
693.675	1.06
693.931	1.12
694.186	1.06
694.441	1.07
694.697	0.04
694.952	18.66
695.207	-7.9
695.463	-0.6
695.718	0.81
695.973	0.93
696.228	0.89
696.484	0.93
696.739	0.99
696.994	1.06
697.249	0.06
697.504	18.66
697.76	-7.77
698.015	-0.46
698.27	0.94
698.525	1.08
698.78	1.09
699.035	1.09
699.291	1.05
699.546	1.02
699.801	0.04
700.056	18.65
700.311	-7.76
700.566	-0.52
700.821	0.88
701.076	1.02
701.331	0.99
701.586	1.08
701.841	1.04
702.096	1.08
702.351	0.13
702.606	18.69
702.862	-7.78
703.117	-0.49
703.372	0.9
703.626	1.06
703.881	1.03
704.136	1.01
704.391	0.97
704.646	1.04
704.901	0.02
705.156	18.55
705.411	-7.89
705.666	-0.57
705.921	0.81
706.176	0.98
706.431	0.97
706.686	0.97
706.94	0.99
707.195	0.99
707.45	-0.02
707.705	18.59
707.96	-7.87
708.215	-0.58
708.469	0.86
708.724	0.96
708.979	0.9
709.234	0.97
709.489	1
709.743	1.01
709.998	0
710.253	18.62
710.508	-7.9
710.762	-0.64
711.017	0.72
711.272	0.82
711.527	0.84
711.781	0.91
712.036	0.87
712.291	0.88
712.545	-0.13
712.8	18.43
713.055	-8.02
713.309	-0.69
713.564	0.73
713.818	0.84
714.073	0.84
714.328	0.87
714.582	0.78
714.837	0.74
715.091	-0.26
715.346	18.33
715.601	-8.08
715.855	-0.81
716.11	0.58
716.364	0.73
716.619	0.8
716.873	0.83
717.128	0.82
717.382	0.88
717.637	-0.07
717.891	18.49
718.146	-7.99
718.4	-0.69
718.655	0.73
718.909	0.85
719.164	0.82
719.418	0.84
719.672	0.81
719.927	0.81
720.181	-0.22
720.436	18.36
720.69	-8.03
720.944	-0.73
721.199	0.64
721.453	0.75
721.707	0.78
721.962	0.82
722.216	0.78
722.47	0.79
722.725	-0.22
722.979	18.46
723.233	-7.98
723.488	-0.68
723.742	0.8
723.996	0.94
724.25	0.84
724.505	0.86
724.759	0.89
725.013	0.86
725.267	-0.16
725.522	18.44
725.776	-7.99
726.03	-0.68
726.284	0.72
726.538	0.82
726.792	0.8
727.047	0.89
727.301	0.87
727.555	0.9
727.809	-0.03
728.063	18.6
728.317	-7.78
728.571	-0.52
728.825	0.86
729.08	0.97
729.334	0.95
729.588	1.01
729.842	1.01
730.096	0.98
730.35	-0.06
730.604	18.53
730.858	-7.91
731.112	-0.63
731.366	0.76
731.62	0.86
731.874	0.87
732.128	0.91
732.382	0.86
732.636	0.88
732.89	-0.08
733.144	18.49
733.398	-7.97
733.652	-0.66
733.905	0.78
734.159	0.89
734.413	0.94
734.667	0.92
734.921	0.87
735.175	0.85
735.429	-0.21
735.683	18.4
735.936	-8
736.19	-0.65
736.444	0.73
736.698	0.79
736.952	0.77
737.205	0.73
737.459	0.68
737.713	0.74
737.967	-0.18
738.221	18.46
738.474	-7.99
738.728	-0.71
738.982	0.62
739.236	0.72
739.489	0.65
739.743	0.72
739.997	0.7
740.25	0.78
740.504	-0.22
740.758	18.35
741.011	-8.11
741.265	-0.87
741.519	0.53
741.772	0.66
742.026	0.66
742.28	0.77
742.533	0.69
742.787	0.68
743.04	-0.35
743.294	18.2
743.547	-8.23
743.801	-0.89
744.055	0.57
744.308	0.67
744.562	0.66
744.815	0.69
745.069	0.7
745.322	0.74
745.576	-0.24
745.829	18.35
746.083	-8.04
746.336	-0.75
746.59	0.61
746.843	0.73
747.097	0.73
747.35	0.78
747.603	0.73
747.857	0.66
748.11	-0.3
748.364	18.35
748.617	-8.08
748.87	-0.84
749.124	0.55
749.377	0.72
749.63	0.73
749.884	0.76
750.137	0.72
750.39	0.77
750.644	-0.18
750.897	18.36
751.15	-8.08
751.404	-0.84
751.657	0.56
751.91	0.7
752.164	0.68
752.417	0.66
752.67	0.68
752.923	0.74
753.176	-0.24
753.43	18.34
753.683	-8.08
753.936	-0.87
754.189	0.59
754.442	0.74
754.696	0.7
754.949	0.66
755.202	0.68
755.455	0.67
755.708	-0.4
755.961	18.24
756.214	-8.2
756.468	-0.89
756.721	0.56
756.974	0.63
757.227	0.61
757.48	0.62
757.733	0.64
757.986	0.63
758.239	-0.32
758.492	18.28
758.745	-8.19
758.998	-0.9
759.251	0.45
759.504	0.62
759.757	0.68
760.01	0.71
760.263	0.69
760.516	0.72
760.769	-0.27
761.022	18.3
761.275	-8.11
761.528	-0.81
761.781	0.58
762.034	0.73
762.287	0.72
762.54	0.7
762.792	0.64
763.045	0.64
763.298	-0.34
763.551	18.26
763.804	-8.18
764.057	-0.87
764.31	0.48
764.562	0.61
764.815	0.59
765.068	0.57
765.321	0.58
765.574	0.64
765.826	-0.31
766.079	18.27
766.332	-8.14
766.585	-0.87
766.837	0.49
767.09	0.63
767.343	0.6
767.595	0.66
767.848	0.69
768.101	0.7
768.354	-0.29
768.606	18.29
768.859	-8.14
769.112	-0.83
769.364	0.59
769.617	0.73
769.869	0.71
770.122	0.75
770.375	0.69
770.627	0.67
770.88	-0.27
771.132	18.36
771.385	-8.09
771.638	-0.78
771.89	0.63
772.143	0.78
772.395	0.76
772.648	0.8
772.9	0.77
773.153	0.82
773.405	-0.12
773.658	18.43
773.91	-8.01
774.163	-0.68
774.415	0.67
774.668	0.71
774.92	0.7
775.173	0.73
775.425	0.73
775.677	0.77
775.93	-0.23
776.182	18.27
776.435	-8.22
776.687	-0.94
776.939	0.44
777.192	0.62
777.444	0.66
777.696	0.7
777.949	0.73
778.201	0.69
778.453	-0.28
778.706	18.32
778.958	-8.09
779.21	-0.71
779.463	0.68
779.715	0.78
779.967	0.73
780.219	0.75
780.472	0.65
780.724	0.63
780.976	-0.31
781.228	18.24
781.481	-8.22
781.733	-0.91
781.985	0.47
782.237	0.62
782.489	0.66
782.741	0.66
782.994	0.6
783.246	0.67
783.498	-0.34
783.75	18.26
784.002	-8.19
784.254	-0.9
784.506	0.52
784.758	0.68
785.011	0.63
785.263	0.59
785.515	0.58
785.767	0.59
786.019	-0.4
786.271	18.14
786.523	-8.27
786.775	-0.97
787.027	0.45
787.279	0.58
787.531	0.56
787.783	0.64
788.035	0.64
788.287	0.68
788.539	-0.27
788.791	18.32
789.043	-8.04
789.295	-0.8
789.546	0.58
789.798	0.75
790.05	0.75
790.302	0.78
790.554	0.68
790.806	0.65
791.058	-0.33
791.31	18.26
791.561	-8.13
791.813	-0.87
792.065	0.57
792.317	0.75
792.569	0.69
792.821	0.67
793.072	0.64
793.324	0.68
793.576	-0.24
793.828	18.34
794.079	-8.06
794.331	-0.77
794.583	0.7
794.835	0.89
795.086	0.84
795.338	0.81
795.59	0.83
795.841	0.85
796.093	-0.13
796.345	18.45
796.596	-7.96
796.848	-0.72
797.1	0.62
797.351	0.69
797.603	0.57
797.855	0.64
798.106	0.69
798.358	0.66
798.609	-0.33
798.861	18.24
799.113	-8.17
799.364	-0.95
799.616	0.41
799.867	0.52
800.119	0.53
800.37	0.58
800.622	0.56
800.873	0.53
801.125	-0.49
801.376	18.08
801.628	-8.33
801.879	-1.09
802.131	0.33
802.382	0.49
802.634	0.54
802.885	0.57
803.137	0.55
803.388	0.6
803.639	-0.34
803.891	18.26
804.142	-8.15
804.394	-0.89
804.645	0.58
804.896	0.74
805.148	0.7
805.399	0.73
805.65	0.7
805.902	0.69
806.153	-0.34
806.404	18.2
806.656	-8.2
806.907	-0.89
807.158	0.55
807.409	0.63
807.661	0.61
807.912	0.68
808.163	0.62
808.414	0.62
808.666	-0.33
808.917	18.26
809.168	-8.15
809.419	-0.85
809.67	0.53
809.922	0.58
810.173	0.55
810.424	0.57
810.675	0.54
810.926	0.61
811.177	-0.37
811.428	18.21
811.68	-8.2
811.931	-0.85
812.182	0.52
812.433	0.62
812.684	0.59
812.935	0.66
813.186	0.62
813.437	0.61
813.688	-0.45
813.939	18.12
814.19	-8.24
814.441	-0.97
814.692	0.39
814.943	0.54
815.194	0.54
815.445	0.64
815.696	0.65
815.947	0.67
816.198	-0.25
816.449	18.37
816.7	-8.03
816.951	-0.82
817.202	0.57
817.453	0.64
817.704	0.62
817.954	0.63
818.205	0.59
818.456	0.54
818.707	-0.41
818.958	18.13
819.209	-8.3
819.46	-1.05
819.71	0.3
819.961	0.44
820.212	0.44
820.463	0.44
820.714	0.45
820.964	0.45
821.215	-0.5
821.466	18.06
821.717	-8.37
821.967	-1.04
822.218	0.31
822.469	0.48
822.72	0.45
822.97	0.55
823.221	0.55
823.472	0.61
823.722	-0.37
823.973	18.21
824.224	-8.24
824.474	-0.91
824.725	0.43
824.975	0.57
825.226	0.54
825.477	0.58
825.727	0.51
825.978	0.48
826.229	-0.53
826.479	18.03
826.73	-8.36
826.98	-0.98
827.231	0.43
827.481	0.58
827.732	0.6
827.982	0.65
828.233	0.56
828.483	0.6
828.734	-0.33
828.984	18.21
829.235	-8.09
829.485	-0.84
829.736	0.5
829.986	0.59
830.237	0.55
830.487	0.56
830.737	0.53
830.988	0.63
831.238	-0.39
831.489	18.18
831.739	-8.18
831.989	-0.89
832.24	0.55
832.49	0.69
832.74	0.7
832.991	0.78
833.241	0.81
833.491	0.81
833.742	-0.17
833.992	18.44
834.242	-7.98
834.493	-0.72
834.743	0.62
834.993	0.69
835.243	0.66
835.494	0.66
835.744	0.62
835.994	0.6
836.244	-0.37
836.494	18.16
836.745	-8.23
836.995	-0.96
837.245	0.4
837.495	0.52
837.745	0.52
837.996	0.59
838.246	0.6
838.496	0.66
838.746	-0.3
838.996	18.26
839.246	-8.15
839.496	-0.84
839.746	0.58
839.996	0.7
840.246	0.64
840.497	0.68
840.747	0.63
840.997	0.61
841.247	-0.43
841.497	18.13
841.747	-8.22
841.997	-0.91
842.247	0.51
842.497	0.67
842.747	0.75
842.997	0.8
843.247	0.74
843.496	0.73
843.746	-0.28
843.996	18.32
844.246	-8.05
844.496	-0.84
844.746	0.55
844.996	0.66
845.246	0.62
845.496	0.6
845.746	0.59
845.995	0.66
846.245	-0.32
846.495	18.25
846.745	-8.16
846.995	-0.88
847.245	0.58
847.494	0.7
847.744	0.65
847.994	0.66
848.244	0.61
848.493	0.58
848.743	-0.43
848.993	18.14
849.243	-8.19
849.492	-0.88
849.742	0.53
849.992	0.63
850.242	0.6
850.491	0.63
850.741	0.56
850.991	0.62
851.24	-0.29
851.49	18.29
851.74	-8.08
851.989	-0.8
852.239	0.57
852.488	0.64
852.738	0.63
852.988	0.71
853.237	0.69
853.487	0.77
853.736	-0.23
853.986	18.34
854.235	-8.05
854.485	-0.82
854.735	0.57
854.984	0.71
855.234	0.71
855.483	0.79
855.733	0.77
855.982	0.81
856.232	-0.24
856.481	18.31
856.73	-8.13
856.98	-0.87
857.229	0.57
857.479	0.69
857.728	0.67
857.978	0.71
858.227	0.69
858.476	0.68
858.726	-0.31
858.975	18.34
859.225	-7.99
859.474	-0.68
859.723	0.76
859.973	0.88
860.222	0.86
860.471	0.91
860.721	0.91
860.97	0.82
861.219	-0.16
861.468	18.38
861.718	-8
861.967	-0.79
862.216	0.56
862.465	0.66
862.715	0.62
862.964	0.62
863.213	0.53
863.462	0.52
863.712	-0.4
863.961	18.17
864.21	-8.22
864.459	-1.01
864.708	0.45
864.957	0.56
865.207	0.56
865.456	0.6
865.705	0.61
865.954	0.66
866.203	-0.35
866.452	18.22
866.701	-8.21
866.95	-0.95
867.199	0.43
867.448	0.53
867.698	0.57
867.947	0.56
868.196	0.56
868.445	0.61
868.694	-0.37
868.943	18.22
869.192	-8.12
869.441	-0.78
869.69	0.58
869.939	0.78
870.188	0.79
870.436	0.8
870.685	0.8
870.934	0.78
871.183	-0.18
871.432	18.4
871.681	-8
871.93	-0.77
872.179	0.64
872.428	0.81
872.677	0.78
872.925	0.82
873.174	0.85
873.423	0.9
873.672	-0.04
873.921	18.54
874.17	-7.87
874.418	-0.59
874.667	0.87
874.916	0.98
875.165	1
875.413	1.02
875.662	0.96
875.911	0.91
876.16	-0.14
876.408	18.41
876.657	-8.05
876.906	-0.81
877.155	0.58
877.403	0.66
877.652	0.69
877.901	0.67
878.149	0.7
878.398	0.75
878.647	-0.14
878.895	18.5
879.144	-7.81
879.392	-0.46
879.641	1.02
879.89	1.13
880.138	1.13
880.387	1.11
880.635	1.08
880.884	1.12
881.132	0.15
881.381	18.64
881.63	-7.77
881.878	-0.54
882.127	0.82
882.375	0.88
882.624	0.9
882.872	0.87
883.121	0.84
883.369	0.88
883.617	-0.12
883.866	18.43
884.114	-7.92
884.363	-0.7
884.611	0.69
884.86	0.82
885.108	0.84
885.356	0.9
885.605	0.99
885.853	1.06
886.102	0.12
886.35	18.69
886.598	-7.68
886.847	-0.4
887.095	1.04
887.343	1.17
887.592	1.16
887.84	1.16
888.088	1.1
888.336	1.02
888.585	0.04
888.833	18.57
889.081	-7.84
889.329	-0.55
889.578	0.81
889.826	0.9
890.074	0.93
890.322	0.98
890.571	1.01
890.819	1.06
891.067	0.13
891.315	18.67
891.563	-7.7
891.811	-0.43
892.06	0.93
892.308	1.11
892.556	1.14
892.804	1.15
893.052	1.12
893.3	1.12
893.548	0.13
893.796	18.72
894.044	-7.69
894.292	-0.37
894.54	1.02
894.788	1.11
895.036	1.06
895.284	1.11
895.533	1.05
895.781	1.06
896.028	0.11
896.276	18.69
896.524	-7.79
896.772	-0.47
897.02	0.94
897.268	1.13
897.516	1.13
897.764	1.22
898.012	1.2
898.26	1.27
898.508	0.36
898.756	18.99
899.004	-7.4
899.252	-0.05
899.499	1.38
899.747	1.46
899.995	1.45
900.243	1.58
900.491	1.57
900.739	1.66
900.986	0.72
901.234	19.29
901.482	-7.13
901.73	0.14
901.978	1.53
902.225	1.69
902.473	1.79
902.721	1.87
902.968	1.84
903.216	1.87
903.464	0.86
903.712	19.47
903.959	-6.94
904.207	0.39
904.455	1.93
904.702	2.09
904.95	2.06
905.198	2.05
905.445	2.03
905.693	2.13
905.941	1.22
906.188	19.89
906.436	-6.42
906.683	1.03
906.931	2.54
907.178	2.72
907.426	2.86
907.674	3.01
907.921	3.14
908.169	3.38
908.416	2.7
908.664	21.68
908.911	-4.09
909.159	3.97
909.406	6.51
909.654	8.09
909.901	9.8
910.149	11.42
910.396	12.97
910.644	14.28
910.891	14.55
911.138	34.33
911.386	9.58
911.633	19.11
911.881	27.15
912.128	43.68
912.375	89
912.623	172.07
912.87	312.34
913.117	510.81
913.365	774.84
913.612	1114.28
913.859	1471.96
914.107	1926.24
914.354	2446.89
914.601	3027.59
914.849	3677.75
915.096	4386.44
915.343	5138.82
915.59	5903.03
915.838	6686.28
916.085	7480.15
916.332	8215.09
916.579	8961.99
916.827	9666.2
917.074	10310.79
917.321	10912.37
917.568	11428.83
917.815	11845.92
918.062	12197.01
918.31	12473.66
918.557	12693.06
918.804	12788.87
919.051	12855.11
919.298	12867.31
919.545	12837.27
919.792	12774.33
920.039	12664.38
920.286	12539.58
920.534	12401.78
920.781	12227.44
921.028	12061.23
921.275	11821.96
921.522	11602.6
921.769	11375.35
922.016	11129.41
922.263	10874.3
922.51	10600.71
922.757	10318.96
923.004	10024.21
923.251	9708.25
923.498	9374.67
923.745	8957.6
923.992	8545.06
924.238	8094.79
924.485	7582.13
924.732	7012.96
924.979	6384.73
925.226	5721.56
925.473	5026.26
925.72	4318.84
925.967	3642.85
926.214	2964.5
926.46	2369.01
926.707	1821.68
926.954	1338.88
927.201	939.68
927.448	620.58
927.694	383.65
927.941	218.03
928.188	115.49
928.435	76.83
928.682	25.95
928.928	23.21
929.175	19.73
929.422	16.71
929.668	14.56
929.915	13.03
930.162	11.68
930.409	10.62
930.655	8.63
930.902	26.4
931.149	-0.8
931.395	5.83
931.642	6.56
931.889	6.19
932.135	5.72
932.382	5.36
932.628	4.93
932.875	4.7
933.122	3.44
933.368	21.89
933.615	-4.69
933.861	2.42
934.108	3.66
934.354	3.7
934.601	3.5
934.847	3.48
935.094	3.33
935.34	3.36
935.587	2.28
935.833	20.74
936.08	-5.86
936.326	1.37
936.573	2.7
936.819	2.81
937.066	2.74
937.312	2.73
937.559	2.6
937.805	2.57
938.051	1.47
938.298	19.94
938.544	-6.55
938.791	0.73
939.037	2.02
939.283	2.1
939.53	2.01
939.776	2.04
940.022	1.94
940.269	1.9
940.515	0.84
940.761	19.42
941.007	-7
941.254	0.31
941.5	1.65
941.746	1.76
941.993	1.71
942.239	1.72
942.485	1.6
942.731	1.65
942.977	0.65
943.224	19.33
943.47	-7.14
943.716	0.08
943.962	1.47
944.208	1.57
944.455	1.52
944.701	1.59
944.947	1.6
945.193	1.65
945.439	0.65
945.685	19.17
945.931	-7.34
946.177	-0.04
946.423	1.39
946.67	1.54
946.916	1.55
947.162	1.63
947.408	1.51
947.654	1.51
947.9	0.46
948.146	19.04
948.392	-7.32
948.638	-0.01
948.884	1.39
949.13	1.52
949.376	1.46
949.622	1.44
949.868	1.39
950.114	1.49
950.359	0.51
950.605	19.13
950.851	-7.26
951.097	-0.01
951.343	1.38
951.589	1.53
951.835	1.56
952.081	1.6
952.327	1.66
952.572	1.66
952.818	0.64
953.064	19.21
953.31	-7.19
953.556	0.06
953.802	1.41
954.047	1.49
954.293	1.43
954.539	1.4
954.785	1.4
955.03	1.39
955.276	0.45
955.522	18.97
955.768	-7.51
956.013	-0.22
956.259	1.17
956.505	1.38
956.75	1.4
956.996	1.47
957.242	1.46
957.487	1.45
957.733	0.42
957.979	18.96
958.224	-7.4
958.47	-0.02
958.716	1.34
958.961	1.46
959.207	1.43
959.452	1.43
959.698	1.39
959.943	1.39
960.189	0.37
960.435	18.96
960.68	-7.48
960.926	-0.2
961.171	1.13
961.417	1.3
961.662	1.3
961.908	1.37
962.153	1.35
962.399	1.31
962.644	0.31
962.89	18.93
963.135	-7.44
963.38	-0.1
963.626	1.31
963.871	1.44
964.117	1.39
964.362	1.47
964.607	1.4
964.853	1.38
965.098	0.47
965.344	19.05
965.589	-7.39
965.834	-0.07
966.08	1.32
966.325	1.48
966.57	1.5
966.815	1.54
967.061	1.48
967.306	1.53
967.551	0.64
967.797	19.21
968.042	-7.16
968.287	0.14
968.532	1.53
968.777	1.64
969.023	1.63
969.268	1.69
969.513	1.66
969.758	1.69
970.003	0.74
970.249	19.34
970.494	-7.04
970.739	0.25
970.984	1.69
971.229	1.84
971.474	1.84
971.719	1.84
971.965	1.8
972.21	1.84
972.455	0.85
972.7	19.39
972.945	-7.04
973.19	0.21
973.435	1.62
973.68	1.69
973.925	1.62
974.17	1.61
974.415	1.58
974.66	1.59
974.905	0.6
975.15	19.19
975.395	-7.16
975.64	0.19
975.885	1.59
976.13	1.74
976.375	1.77
976.62	1.81
976.865	1.8
977.109	1.83
977.354	0.91
977.599	19.46
977.844	-6.92
978.089	0.38
978.334	1.67
978.579	1.84
978.824	1.84
979.068	1.88
979.313	1.89
979.558	1.98
979.803	0.99
980.048	19.53
980.292	-6.79
980.537	0.47
980.782	1.82
981.027	1.96
981.271	1.9
981.516	1.87
981.761	1.82
982.006	1.78
982.25	0.75
982.495	19.41
982.74	-6.97
982.984	0.23
983.229	1.65
983.474	1.81
983.718	1.84
983.963	1.91
984.208	1.92
984.452	1.95
984.697	1.04
984.941	19.63
985.186	-6.81
985.431	0.41
985.675	1.84
985.92	1.97
986.164	1.94
986.409	1.88
986.653	1.86
986.898	1.84
987.142	0.89
987.387	19.46
987.631	-6.88
987.876	0.4
988.12	1.85
988.365	2
988.609	2.03
988.854	2.06
989.098	2.07
989.343	2.06
989.587	1.16
989.831	19.69
990.076	-6.78
990.32	0.46
990.565	1.87
990.809	2
991.053	1.94
991.298	1.89
991.542	1.83
991.786	1.84
992.031	1.89
992.275	2.83
992.519	-14.72
992.764	-5.85
993.008	-4.39
993.252	-4.22
993.496	-4.23
993.741	-4.21
993.985	-4.21
994.229	-4.15
994.473	-4.11
994.718	-4.13
994.962	-4.16
995.206	-4.16
995.45	-4.16
995.694	-4.06
995.939	-4.13
996.183	-4.2
996.427	-4.19
996.671	-4.15
996.915	-4.17
997.159	-4.15
997.403	-4.23
997.647	-4.19
997.892	-4.25
998.136	-4.24
998.38	-4.3
998.624	-4.28
998.868	-4.26
999.112	-4.26
999.356	-4.3
999.6	-4.27
999.844	-4.29
1000.088	-4.19
1000.332	-4.22
1000.576	-4.18
1000.82	-4.23
1001.064	-4.19
1001.308	-4.19
1001.552	-4.15
1001.796	-4.12
1002.04	-4.09
1002.284	-4.12
1002.528	-4.16
1002.771	-4.18
1003.015	-4.16
1003.259	-4.14
1003.503	-4.13
1003.747	-4.12
1003.991	-4.08
1004.235	-4.09
1004.479	-4.09
1004.722	-4.09
1004.966	-4.07
1005.21	-4.05
1005.454	-4.04
1005.698	-4.04
1005.941	-4.06
1006.185	-4.06
1006.429	-4.07
1006.673	-4.13
1006.916	-4.07
1007.16	-4.06
1007.404	-4.03
1007.648	-4.03
1007.891	-4
1008.135	-4.04
1008.379	-4.06
1008.622	-4.03
1008.866	-3.98
1009.11	-3.96
1009.353	-3.89
1009.597	-3.97
1009.841	-3.99
1010.084	-4.02
1010.328	-4.03
1010.571	-4
1010.815	-3.94
1011.059	-3.95
1011.302	-3.98
1011.546	-3.98
1011.789	-3.98
1012.033	-4.07
1012.276	-4.07
1012.52	-4.08
1012.763	-4.06
1013.007	-4.07
1013.25	-4.08
1013.494	-4.09
1013.737	-4.07
1013.981	-4.11
1014.224	-4.13
1014.468	-4.17
1014.711	-4.11
1014.955	-4.1
1015.198	-4.07
1015.441	-4.08
1015.685	-4.05
1015.928	-4.06
1016.172	-4.07
1016.415	-4.03
1016.658	-4
1016.902	-4
1017.145	-4.01
1017.388	-4.03
1017.632	-4.01
1017.875	-4.02
1018.118	-4.04
1018.362	-4.01
1018.605	-4.01
1018.848	-4.02
1019.091	-4.07
1019.335	-4.08
1019.578	-4.05
1019.821	-4.06
1020.064	-4.07
1020.308	-4.07
1020.551	-4.09
1020.794	-4.13
1021.037	-4.19
1021.28	-4.21
1021.524	-4.22
1021.767	-4.21
1022.01	-4.16
1022.253	-4.13
1022.496	-4.08
1022.739	-4.07
1022.982	-4.07
1023.226	-4.07
1023.469	-4.05
1023.712	-4
1023.955	-3.98
1024.198	-3.99
1024.441	-4.02
1024.684	-4.06
1024.927	-4.1
1025.17	-4.16
1025.413	-4.18
1025.656	-4.23
1025.899	-4.23
1026.142	-4.17
1026.385	-4.17
1026.628	-4.22
1026.871	-4.23
1027.114	-4.18
1027.357	-4.15
1027.6	-4.22
1027.843	-4.15
1028.086	-4.11
1028.329	-4.05
1028.571	-4.04
1028.814	-4.07
1029.057	-4.13
1029.3	-4.1
1029.543	-4.07
1029.786	-4.04
1030.029	-4.03
1030.271	-3.96
1030.514	-4.03
1030.757	-4.08
1031	-4.15
1031.243	-4.13
1031.485	-4.1
1031.728	-4.07
1031.971	-4.09
1032.214	-4.14
1032.456	-4.17
1032.699	-4.14
1032.942	-4.14
1033.185	-4.06
1033.427	-4.06
1033.67	-3.95
1033.913	-3.99
1034.155	-3.99
1034.398	-3.96
1034.641	-3.91
1034.883	-3.85
1035.126	-3.9
1035.369	-3.99
1035.611	-3.98
1035.854	-4.03
1036.096	-3.98
1036.339	-4.06
1036.582	-4.04
1036.824	-4.12
1037.067	-4.12
1037.309	-4.15
1037.552	-4.13
1037.794	-4.06
1038.037	-4.06
1038.279	-4.08
1038.522	-4.1
1038.764	-4.18
1039.007	-4.15
1039.249	-4.13
1039.492	-4.04
1039.734	-4.04
1039.977	-4.09
1040.219	-4.12
1040.462	-4.17
1040.704	-4.15
1040.946	-4.17
1041.189	-4.16
1041.431	-4.1
1041.674	-4.12
1041.916	-4.13
1042.158	-4.14
1042.401	-4.18
1042.643	-4.16
1042.885	-4.16
1043.128	-4.15
1043.37	-4.14
1043.612	-4.15
1043.855	-4.13
1044.097	-4.18
1044.339	-4.13
1044.581	-4.18
1044.824	-4.24
1045.066	-4.25
1045.308	-4.23
1045.55	-4.24
1045.793	-4.21
1046.035	-4.19
1046.277	-4.17
1046.519	-4.21
1046.761	-4.16
1047.003	-4.2
1047.246	-4.13
1047.488	-4.13
1047.73	-4.08
1047.972	-4.09
1048.214	-4.1
1048.456	-4.17
1048.698	-4.18
1048.94	-4.11
1049.183	-4.03
1049.425	-4.07
1049.667	-4.04
1049.909	-4.07
1050.151	-4.07
1050.393	-4.14
1050.635	-4.09
1050.877	-4.11
1051.119	-4.11
1051.361	-4.15
1051.603	-4.27
1051.845	-4.36
1052.087	-4.36
1052.329	-4.42
1052.571	-4.43
1052.813	-4.42
1053.054	-4.36
1053.296	-4.41
1053.538	-4.41
1053.78	-4.39
1054.022	-4.36
1054.264	-4.31
1054.506	-4.3
1054.748	-4.31
1054.99	-4.27
1055.231	-4.27
1055.473	-4.31
1055.715	-4.42
1055.957	-4.4
1056.199	-4.39
1056.44	-4.41
1056.682	-4.43
1056.924	-4.44
1057.166	-4.46
1057.408	-4.43
1057.649	-4.42
1057.891	-4.45
1058.133	-4.44
1058.374	-4.31
1058.616	-4.34
1058.858	-4.35
1059.1	-4.36
1059.341	-4.38
1059.583	-4.41
1059.825	-4.37
1060.066	-4.45
1060.308	-4.5
1060.549	-4.55
1060.791	-4.55
1061.033	-4.61
1061.274	-4.57
1061.516	-4.54
1061.757	-4.51
1061.999	-4.47
1062.241	-4.49
1062.482	-4.53
1062.724	-4.49
1062.965	-4.49
1063.207	-4.43
1063.448	-4.46
1063.69	-4.47
1063.931	-4.51
1064.173	-4.53
1064.414	-4.55
1064.656	-4.57
1064.897	-4.52
1065.139	-4.48
1065.38	-4.51
1065.621	-4.55
1065.863	-4.55
1066.104	-4.58
1066.346	-4.62
1066.587	-4.64
1066.828	-4.68
1067.07	-4.69
1067.311	-4.7
1067.552	-4.68
1067.794	-4.71
1068.035	-4.69
1068.276	-4.71
1068.518	-4.69
1068.759	-4.66
1069	-4.63
1069.242	-4.68
1069.483	-4.61
1069.724	-4.67
1069.965	-4.67
1070.207	-4.71
1070.448	-4.69
1070.689	-4.68
1070.93	-4.66
1071.172	-4.75
1071.413	-4.73
1071.654	-4.75
1071.895	-4.69
1072.136	-4.71
1072.377	-4.66
1072.619	-4.69
1072.86	-4.67
1073.101	-4.76
1073.342	-4.76
1073.583	-4.74
1073.824	-4.68
1074.065	-4.75
1074.306	-4.71
1074.547	-4.76
1074.788	-4.8
1075.029	-4.79
1075.271	-4.76
1075.512	-4.78
1075.753	-4.76
1075.994	-4.78
1076.235	-4.79
1076.476	-4.81
1076.717	-4.72
1076.958	-4.75
1077.199	-4.71
1077.439	-4.69
1077.68	-4.69
1077.921	-4.75
1078.162	-4.72
1078.403	-4.72
1078.644	-4.71
1078.885	-4.73
1079.126	-4.76
1079.367	-4.82
1079.608	-4.82
1079.848	-4.88
1080.089	-4.92
1080.33	-4.95
1080.571	-4.91
1080.812	-4.96
1081.053	-4.99
1081.293	-5.07
1081.534	-5.06
1081.775	-5.1
1082.016	-5.12
1082.257	-5.15
1082.497	-5.16
1082.738	-5.2
1082.979	-5.25
1083.219	-5.3
1083.46	-5.3
1083.701	-5.29
1083.942	-5.28
1084.182	-5.27
1084.423	-5.23
1084.664	-5.25
1084.904	-5.25
1085.145	-5.22
1085.386	-5.07
1085.626	-5.02
1085.867	-5.05
1086.107	-5.1
1086.348	-5.04
1086.589	-5.04
1086.829	-5.04
1087.07	-5.04
1087.31	-5
1087.551	-4.98
1087.791	-4.97
1088.032	-5.05
1088.272	-5.12
1088.513	-5.07
1088.753	-5.05
1088.994	-5.1
1089.234	-5.08
1089.475	-5.13
1089.715	-5.15
1089.956	-5.18
1090.196	-5.24
1090.437	-5.32
1090.677	-5.34
1090.917	-5.34
1091.158	-5.36
1091.398	-5.35
1091.639	-5.34
1091.879	-5.35
1092.119	-5.35
1092.36	-5.35
1092.6	-5.35
1092.84	-5.4
1093.081	-5.33
1093.321	-5.34
1093.561	-5.27
1093.802	-5.3
1094.042	-5.29
1094.282	-5.34
1094.522	-5.3
1094.763	-5.31
1095.003	-5.32
1095.243	-5.35
1095.483	-5.28
1095.724	-5.29
1095.964	-5.27
1096.204	-5.31
1096.444	-5.36
1096.684	-5.41
1096.925	-5.39
1097.165	-5.47
1097.405	-5.44
1097.645	-5.39
1097.885	-5.35
1098.125	-5.37
1098.365	-5.45
1098.605	-5.51
1098.846	-5.55
1099.086	-5.51
1099.326	-5.5
1099.566	-5.51
1099.806	-5.47
1100.046	-5.52
1100.286	-5.62
1100.526	-5.68
1100.766	-5.66
1101.006	-5.66
1101.246	-5.68
1101.486	-5.73
1101.726	-5.75
1101.966	-5.82
1102.206	-5.87
1102.446	-5.94
1102.686	-5.94
1102.926	-5.88
1103.166	-5.87
1103.405	-5.91
1103.645	-5.84
1103.885	-5.83
1104.125	-5.81
1104.365	-5.82
1104.605	-5.79
1104.845	-5.82
1105.085	-5.77
1105.324	-5.79
1105.564	-5.79
1105.804	-5.79
1106.044	-5.83
1106.284	-5.88
1106.523	-5.85
1106.763	-5.81
1107.003	-5.74
1107.243	-5.75
1107.482	-5.67
1107.722	-5.76
1107.962	-5.7
1108.202	-5.77
1108.441	-5.76
1108.681	-5.71
1108.921	-5.71
1109.16	-5.76
1109.4	-5.75
1109.64	-5.81
1109.879	-5.77
1110.119	-5.77
1110.359	-5.71
1110.598	-5.76
1110.838	-5.74
1111.077	-5.8
1111.317	-5.81
1111.557	-5.86
1111.796	-5.88
1112.036	-5.94
1112.275	-5.95
1112.515	-5.97
1112.754	-5.95
1112.994	-5.98
1113.233	-5.99
1113.473	-5.99
1113.712	-5.93
1113.952	-5.98
1114.191	-5.95
1114.431	-5.95
1114.67	-5.97
1114.91	-5.96
1115.149	-5.97
1115.389	-6.02
1115.628	-5.97
1115.867	-6
1116.107	-5.98
1116.346	-6.03
1116.585	-5.98
1116.825	-6.02
1117.064	-5.99
1117.304	-6
1117.543	-6.04
1117.782	-6.05
1118.021	-6.02
1118.261	-6.07
1118.5	-6.11
1118.739	-6.21
1118.979	-6.23
1119.218	-6.28
1119.457	-6.25
1119.696	-6.27
1119.936	-6.16
1120.175	-6.14
1120.414	-6.13
1120.653	-6.22
1120.893	-6.25
1121.132	-6.26
1121.371	-6.24
1121.61	-6.27
1121.849	-6.28
1122.088	-6.27
1122.328	-6.21
1122.567	-6.33
1122.806	-6.32
1123.045	-6.34
1123.284	-6.32
1123.523	-6.34
1123.762	-6.27
1124.001	-6.26
1124.24	-6.21
1124.479	-6.18
1124.718	-6.16
1124.957	-6.27
1125.196	-6.25
1125.435	-6.32
1125.674	-6.37
1125.913	-6.39
1126.152	-6.34
1126.391	-6.39
1126.63	-6.38
1126.869	-6.4
1127.108	-6.44
1127.347	-6.51
1127.586	-6.5
1127.825	-6.51
