Data from HR4C45961_13-22-53-058.txt Node
195.373	-320.44
195.645	-275.5
195.916	-241.72
196.187	-215.49
196.459	-194.45
196.73	-178.26
197.002	-103.49
197.273	-56.25
197.544	-1.27
197.816	0.61
198.087	0.88
198.358	0.9
198.63	1
198.901	1.07
199.172	1.17
199.444	0.17
199.715	19.36
199.986	-8.06
200.257	-0.24
200.529	1.32
200.8	1.54
201.071	1.6
201.343	1.75
201.614	1.81
201.885	1.89
202.156	0.97
202.427	20.26
202.699	-7.06
202.97	0.73
203.241	2.33
203.512	2.59
203.783	2.69
204.055	2.81
204.326	2.85
204.597	2.98
204.868	2.05
205.139	21.23
205.41	-6.14
205.681	1.68
205.952	3.31
206.224	3.49
206.495	3.56
206.766	3.62
207.037	3.63
207.308	3.71
207.579	2.75
207.85	21.97
208.121	-5.36
208.392	2.42
208.663	3.94
208.934	4.07
209.205	4.12
209.476	4.17
209.747	4.27
210.018	4.39
210.289	3.4
210.56	22.58
210.831	-4.83
211.102	2.95
211.373	4.46
211.644	4.62
211.915	4.65
212.186	4.73
212.457	4.77
212.728	4.76
212.999	3.72
213.269	22.85
213.54	-4.58
213.811	3.16
214.082	4.65
214.353	4.84
214.624	4.9
214.895	4.92
215.165	4.91
215.436	4.89
215.707	3.87
215.978	22.99
216.249	-4.39
216.52	3.39
216.79	4.87
217.061	5.01
217.332	4.94
217.603	4.92
217.873	4.97
218.144	5.02
218.415	4.04
218.686	23.23
218.956	-4.15
219.227	3.57
219.498	5.01
219.768	5.13
220.039	5.07
220.31	5.16
220.58	5.16
220.851	5.21
221.122	4.14
221.392	23.25
221.663	-4.2
221.934	3.52
222.204	5.06
222.475	5.21
222.746	5.21
223.016	5.24
223.287	5.2
223.557	5.23
223.828	4.13
224.098	23.27
224.369	-4.15
224.64	3.55
224.91	5.03
225.181	5.12
225.451	5.11
225.722	5.11
225.992	5.16
226.263	5.2
226.533	4.09
226.804	23.25
227.074	-4.15
227.345	3.61
227.615	5.09
227.886	5.2
228.156	5.22
228.426	5.3
228.697	5.35
228.967	5.35
229.238	4.29
229.508	23.43
229.779	-3.93
230.049	3.8
230.319	5.26
230.59	5.42
230.86	5.45
231.13	5.47
231.401	5.44
231.671	5.44
231.941	4.4
232.212	23.53
232.482	-3.84
232.752	3.83
233.023	5.29
233.293	5.4
233.563	5.34
233.834	5.38
234.104	5.37
234.374	5.41
234.644	4.38
234.915	23.48
235.185	-3.93
235.455	3.75
235.725	5.21
235.995	5.36
236.266	5.37
236.536	5.44
236.806	5.38
237.076	5.37
237.346	4.26
237.616	23.32
237.887	-4.14
238.157	3.6
238.427	5.09
238.697	5.15
238.967	5.07
239.237	5.06
239.507	4.99
239.777	5.02
240.048	3.95
240.318	23.05
240.588	-4.3
240.858	3.45
241.128	4.86
241.398	5.01
241.668	5.06
241.938	5.13
242.208	5.1
242.478	5.03
242.748	3.98
243.018	23.09
243.288	-4.31
243.558	3.34
243.828	4.75
244.098	4.83
244.368	4.72
244.638	4.67
244.908	4.57
245.178	4.54
245.448	3.5
245.718	22.54
245.987	-4.84
246.257	2.84
246.527	4.3
246.797	4.48
247.067	4.46
247.337	4.48
247.607	4.54
247.877	4.6
248.146	3.64
248.416	22.77
248.686	-4.58
248.956	3.08
249.226	4.55
249.496	4.65
249.765	4.55
250.035	4.57
250.305	4.56
250.575	4.47
250.844	3.36
251.114	22.41
251.384	-4.96
251.654	2.72
251.923	4.19
252.193	4.33
252.463	4.34
252.732	4.35
253.002	4.35
253.272	4.33
253.542	3.28
253.811	22.43
254.081	-5.01
254.351	2.61
254.62	4.04
254.89	4.12
255.159	4.01
255.429	4
255.699	3.93
255.968	3.88
256.238	2.83
256.507	21.85
256.777	-5.57
257.047	2.06
257.316	3.56
257.586	3.6
257.855	3.48
258.125	3.45
258.394	3.42
258.664	3.46
258.933	2.37
259.203	21.35
259.472	-6.01
259.742	1.62
260.011	3.08
260.281	3.11
260.55	3.12
260.82	3.17
261.089	3.16
261.359	3.12
261.628	2.05
261.898	21.12
262.167	-6.22
262.436	1.36
262.706	2.79
262.975	2.9
263.245	2.88
263.514	2.8
263.783	2.72
264.053	2.77
264.322	1.68
264.591	20.69
264.861	-6.66
265.13	0.96
265.399	2.47
265.669	2.59
265.938	2.52
266.207	2.49
266.477	2.52
266.746	2.52
267.015	1.4
267.284	20.44
267.554	-6.95
267.823	0.68
268.092	2.14
268.361	2.21
268.631	2.15
268.9	2.16
269.169	2.14
269.438	2.11
269.707	1.04
269.977	20.07
270.246	-7.33
270.515	0.35
270.784	1.8
271.053	1.93
271.322	1.89
271.591	1.81
271.861	1.76
272.13	1.7
272.399	0.63
272.668	19.72
272.937	-7.66
273.206	-0.02
273.475	1.37
273.744	1.47
274.013	1.44
274.282	1.43
274.551	1.48
274.82	1.47
275.089	0.38
275.358	19.42
275.627	-8
275.896	-0.36
276.165	1.11
276.434	1.21
276.703	1.16
276.972	1.12
277.241	1.1
277.51	1.07
277.779	-0.03
278.048	18.97
278.317	-8.37
278.586	-0.7
278.855	0.83
279.124	1
279.393	0.96
279.662	0.95
279.93	0.88
280.199	0.88
280.468	-0.22
280.737	18.85
281.006	-8.42
281.275	-0.83
281.544	0.57
281.812	0.61
282.081	0.53
282.35	0.57
282.619	0.5
282.888	0.52
283.156	-0.59
283.425	18.46
283.694	-8.86
283.963	-1.23
284.231	0.29
284.5	0.43
284.769	0.4
285.038	0.36
285.306	0.35
285.575	0.33
285.844	-0.76
286.112	18.31
286.381	-8.95
286.65	-1.32
286.918	0.14
287.187	0.19
287.456	0.14
287.724	0.13
287.993	0.15
288.262	0.06
288.53	-1.01
288.799	18.04
289.067	-9.25
289.336	-1.57
289.604	-0.11
289.873	-0.03
290.142	-0.07
290.41	-0.08
290.679	-0.16
290.947	-0.19
291.216	-1.24
291.484	17.86
291.753	-9.47
292.021	-1.86
292.29	-0.52
292.558	-0.46
292.827	-0.52
293.095	-0.46
293.364	-0.48
293.632	-0.44
293.901	-1.5
294.169	17.56
294.438	-9.78
294.706	-2.12
294.974	-0.66
295.243	-0.55
295.511	-0.56
295.78	-0.54
296.048	-0.64
296.316	-0.69
296.585	-1.77
296.853	17.24
297.121	-10.02
297.39	-2.41
297.658	-1
297.926	-0.87
298.195	-0.92
298.463	-0.88
298.731	-0.95
299	-0.95
299.268	-1.99
299.536	17.02
299.804	-10.23
300.073	-2.62
300.341	-1.16
300.609	-0.97
300.877	-1
301.146	-1.06
301.414	-1.15
301.682	-1.1
301.95	-2.16
302.218	16.9
302.487	-10.34
302.755	-2.65
303.023	-1.19
303.291	-1.06
303.559	-1.11
303.827	-1.09
304.096	-1.14
304.364	-1.12
304.632	-2.17
304.9	16.94
305.168	-10.32
305.436	-2.74
305.704	-1.36
305.972	-1.21
306.24	-1.21
306.508	-1.25
306.776	-1.32
307.045	-1.2
307.313	-2.18
307.581	16.84
307.849	-10.44
308.117	-2.84
308.385	-1.35
308.653	-1.19
308.921	-1.22
309.189	-1.24
309.457	-1.24
309.724	-1.17
309.992	-2.17
310.26	16.83
310.528	-10.38
310.796	-2.76
311.064	-1.27
311.332	-1.1
311.6	-1.08
311.868	-1.08
312.136	-1.12
312.404	-1.07
312.672	-2.17
312.939	16.81
313.207	-10.37
313.475	-2.76
313.743	-1.27
314.011	-1.11
314.279	-1.19
314.546	-1.22
314.814	-1.27
315.082	-1.24
315.35	-2.29
315.618	16.75
315.885	-10.46
316.153	-2.8
316.421	-1.29
316.689	-1.15
316.956	-1.17
317.224	-1.11
317.492	-1.13
317.759	-1.09
318.027	-2.14
318.295	16.91
318.563	-10.27
318.83	-2.64
319.098	-1.16
319.366	-1.01
319.633	-1.04
319.901	-0.98
320.169	-1.03
320.436	-1
320.704	-2
320.971	17.09
321.239	-10.07
321.507	-2.4
321.774	-0.84
322.042	-0.78
322.309	-0.79
322.577	-0.74
322.844	-0.75
323.112	-0.72
323.38	-1.78
323.647	17.26
323.915	-9.96
324.182	-2.37
324.45	-0.93
324.717	-0.85
324.985	-0.81
325.252	-0.77
325.52	-0.75
325.787	-0.73
326.054	-1.74
326.322	17.35
326.589	-9.79
326.857	-2.18
327.124	-0.73
327.392	-0.58
327.659	-0.65
327.926	-0.69
328.194	-0.74
328.461	-0.75
328.729	-1.72
328.996	17.32
329.263	-9.86
329.531	-2.28
329.798	-0.81
330.065	-0.64
330.333	-0.68
330.6	-0.66
330.867	-0.58
331.135	-0.55
331.402	-1.66
331.669	17.38
331.936	-9.75
332.204	-2.08
332.471	-0.58
332.738	-0.43
333.005	-0.41
333.273	-0.34
333.54	-0.24
333.807	-0.22
334.074	-1.23
334.341	17.87
334.609	-9.36
334.876	-1.74
335.143	-0.38
335.41	-0.23
335.677	-0.17
335.944	-0.16
336.212	-0.16
336.479	-0.16
336.746	-1.17
337.013	17.89
337.28	-9.25
337.547	-1.6
337.814	-0.16
338.081	0.05
338.348	0.1
338.616	0.15
338.883	0.21
339.15	0.28
339.417	-0.71
339.684	18.28
339.951	-8.87
340.218	-1.24
340.485	0.21
340.752	0.37
341.019	0.37
341.286	0.32
341.553	0.26
341.82	0.24
342.087	-0.86
342.354	18.11
342.62	-9.04
342.887	-1.4
343.154	0.06
343.421	0.26
343.688	0.24
343.955	0.31
344.222	0.37
344.489	0.43
344.756	-0.58
345.023	18.48
345.289	-8.59
345.556	-0.92
345.823	0.56
346.09	0.7
346.357	0.7
346.624	0.76
346.89	0.69
347.157	0.75
347.424	-0.21
347.691	18.87
347.958	-8.27
348.224	-0.69
348.491	0.74
348.758	0.83
349.025	0.84
349.291	0.83
349.558	0.84
349.825	0.88
350.091	-0.18
350.358	18.75
350.625	-8.4
350.891	-0.77
351.158	0.74
351.425	0.93
351.691	0.98
351.958	1.07
352.225	1.08
352.491	1.07
352.758	0.16
353.025	19.17
353.291	-7.96
353.558	-0.37
353.824	1.12
354.091	1.24
354.358	1.23
354.624	1.28
354.891	1.26
355.157	1.34
355.424	0.4
355.69	19.35
355.957	-7.73
356.223	-0.06
356.49	1.44
356.756	1.58
357.023	1.54
357.289	1.67
357.556	1.63
357.822	1.66
358.089	0.63
358.355	19.61
358.622	-7.44
358.888	0.13
359.154	1.57
359.421	1.71
359.687	1.76
359.954	1.8
360.22	1.69
360.486	1.75
360.753	0.79
361.019	19.76
361.286	-7.34
361.552	0.21
361.818	1.75
362.085	1.92
362.351	1.89
362.617	1.91
362.884	1.92
363.15	1.97
363.416	0.98
363.682	19.99
363.949	-7.04
364.215	0.5
364.481	1.92
364.747	2.04
365.014	1.98
365.28	2.1
365.546	2.13
365.812	2.2
366.079	1.2
366.345	20.18
366.611	-6.92
366.877	0.65
367.143	2.16
367.409	2.4
367.676	2.4
367.942	2.46
368.208	2.4
368.474	2.43
368.74	1.38
369.006	20.34
369.272	-6.77
369.538	0.78
369.805	2.24
370.071	2.36
370.337	2.33
370.603	2.39
370.869	2.43
371.135	2.51
371.401	1.47
371.667	20.48
371.933	-6.56
372.199	1.04
372.465	2.51
372.731	2.63
372.997	2.6
373.263	2.61
373.529	2.57
373.795	2.51
374.061	1.39
374.327	20.36
374.593	-6.74
374.859	0.78
375.125	2.26
375.39	2.35
375.656	2.35
375.922	2.49
376.188	2.54
376.454	2.58
376.72	1.65
376.986	20.65
377.252	-6.42
377.517	1.2
377.783	2.66
378.049	2.81
378.315	2.79
378.581	2.82
378.847	2.75
379.112	2.68
379.378	1.63
379.644	20.53
379.91	-6.55
380.175	0.98
380.441	2.43
380.707	2.61
380.973	2.6
381.238	2.67
381.504	2.64
381.77	2.67
382.036	1.68
382.301	20.63
382.567	-6.38
382.833	1.22
383.098	2.71
383.364	2.8
383.63	2.74
383.895	2.73
384.161	2.71
384.427	2.73
384.692	1.71
384.958	20.67
385.223	-6.41
385.489	1.07
385.755	2.61
386.02	2.76
386.286	2.81
386.551	2.89
386.817	2.89
387.082	2.86
387.348	1.86
387.613	20.78
387.879	-6.32
388.144	1.24
388.41	2.68
388.675	2.74
388.941	2.72
389.206	2.63
389.472	2.61
389.737	2.61
390.003	1.66
390.268	20.58
390.534	-6.39
390.799	1.21
391.064	2.69
391.33	2.81
391.595	2.83
391.861	2.84
392.126	2.92
392.391	2.94
392.657	1.9
392.922	20.8
393.188	-6.18
393.453	1.33
393.718	2.81
393.984	2.9
394.249	2.91
394.514	2.89
394.779	2.84
395.045	2.85
395.31	1.82
395.575	20.75
395.841	-6.31
396.106	1.15
396.371	2.61
396.636	2.64
396.902	2.67
397.167	2.64
397.432	2.58
397.697	2.65
397.962	1.57
398.228	20.43
398.493	-6.59
398.758	0.95
399.023	2.36
399.288	2.45
399.553	2.47
399.819	2.44
400.084	2.44
400.349	2.48
400.614	1.37
400.879	20.25
401.144	-6.75
401.409	0.77
401.674	2.26
401.939	2.47
402.204	2.44
402.469	2.46
402.734	2.41
403	2.42
403.265	1.39
403.53	20.25
403.795	-6.77
404.06	0.8
404.325	2.22
404.59	2.24
404.855	2.2
405.12	2.17
405.384	2.12
405.649	2.13
405.914	1.08
406.179	19.96
406.444	-6.99
406.709	0.52
406.974	1.87
407.239	2
407.504	2.03
407.769	2.02
408.034	2.01
408.299	2.11
408.563	1.14
408.828	20.08
409.093	-6.91
409.358	0.58
409.623	2.02
409.888	2.18
410.152	2.12
410.417	2.04
410.682	1.96
410.947	1.95
411.212	0.85
411.476	19.71
411.741	-7.26
412.006	0.23
412.271	1.64
412.535	1.79
412.8	1.71
413.065	1.76
413.329	1.77
413.594	1.81
413.859	0.77
414.124	19.67
414.388	-7.33
414.653	0.15
414.918	1.63
415.182	1.84
415.447	1.83
415.711	1.88
415.976	1.82
416.241	1.85
416.505	0.82
416.77	19.71
417.034	-7.23
417.299	0.29
417.564	1.66
417.828	1.79
418.093	1.73
418.357	1.71
418.622	1.67
418.886	1.69
419.151	0.69
419.415	19.5
419.68	-7.47
419.944	-0.03
420.209	1.37
420.473	1.51
420.738	1.45
421.002	1.47
421.267	1.43
421.531	1.44
421.796	0.35
422.06	19.2
422.325	-7.7
422.589	-0.2
422.853	1.24
423.118	1.37
423.382	1.32
423.646	1.26
423.911	1.2
424.175	1.17
424.44	0.12
424.704	19.04
424.968	-7.91
425.233	-0.43
425.497	1
425.761	1.1
426.026	1.06
426.29	1.06
426.554	1.07
426.818	1.02
427.083	0.01
427.347	18.89
427.611	-8.03
427.875	-0.53
428.14	0.89
428.404	1.01
428.668	0.98
428.932	0.95
429.197	0.96
429.461	0.95
429.725	-0.03
429.989	18.85
430.253	-8.05
430.517	-0.59
430.782	0.79
431.046	0.92
431.31	0.94
431.574	0.97
431.838	1.01
432.102	1.01
432.366	-0.07
432.63	18.77
432.894	-8.21
433.159	-0.79
433.423	0.61
433.687	0.75
433.951	0.7
434.215	0.67
434.479	0.65
434.743	0.61
435.007	-0.44
435.271	18.5
435.535	-8.38
435.799	-0.86
436.063	0.6
436.327	0.77
436.591	0.74
436.855	0.73
437.119	0.73
437.383	0.73
437.646	-0.29
437.91	18.58
438.174	-8.38
438.438	-0.87
438.702	0.51
438.966	0.66
439.23	0.62
439.494	0.62
439.758	0.63
440.021	0.59
440.285	-0.44
440.549	18.39
440.813	-8.53
441.077	-1.06
441.341	0.36
441.604	0.42
441.868	0.36
442.132	0.35
442.396	0.28
442.66	0.24
442.923	-0.75
443.187	18.06
443.451	-8.85
443.715	-1.4
443.978	0.07
444.242	0.19
444.506	0.2
444.769	0.19
445.033	0.17
445.297	0.25
445.56	-0.74
445.824	18.07
446.088	-8.75
446.351	-1.2
446.615	0.28
446.879	0.34
447.142	0.29
447.406	0.33
447.669	0.35
447.933	0.39
448.197	-0.66
448.46	18.21
448.724	-8.69
448.987	-1.28
449.251	0.12
449.515	0.18
449.778	0.17
450.042	0.15
450.305	0.11
450.569	0.15
450.832	-0.88
451.096	17.96
451.359	-8.97
451.623	-1.47
451.886	-0.05
452.15	0.08
452.413	0.11
452.676	0.19
452.94	0.21
453.203	0.22
453.467	-0.85
453.73	17.95
453.994	-8.99
454.257	-1.58
454.52	-0.23
454.784	-0.08
455.047	-0.12
455.31	-0.14
455.574	-0.19
455.837	-0.21
456.1	-1.16
456.364	17.65
456.627	-9.27
456.89	-1.74
457.154	-0.26
457.417	-0.07
457.68	-0.11
457.944	-0.09
458.207	-0.1
458.47	-0.06
458.733	-1.04
458.997	17.7
459.26	-9.19
459.523	-1.68
459.786	-0.28
460.049	-0.1
460.313	-0.1
460.576	-0.06
460.839	-0.13
461.102	-0.08
461.365	-1.16
461.628	17.68
461.892	-9.13
462.155	-1.59
462.418	-0.13
462.681	-0.03
462.944	-0.09
463.207	-0.05
463.47	-0.11
463.733	-0.06
463.996	-1.15
464.26	17.69
464.523	-9.2
464.786	-1.74
465.049	-0.32
465.312	-0.22
465.575	-0.2
465.838	-0.2
466.101	-0.25
466.364	-0.2
466.627	-1.2
466.89	17.62
467.153	-9.24
467.416	-1.77
467.679	-0.36
467.942	-0.24
468.205	-0.24
468.467	-0.21
468.73	-0.18
468.993	-0.17
469.256	-1.17
469.519	17.63
469.782	-9.14
470.045	-1.61
470.308	-0.13
470.571	-0.04
470.834	-0.03
471.096	-0.01
471.359	-0.01
471.622	-0
471.885	-1.04
472.148	17.79
472.41	-9.02
472.673	-1.59
472.936	-0.16
473.199	-0.02
473.462	-0
473.724	0.01
473.987	0
474.25	0.03
474.513	-1.02
474.775	17.79
475.038	-9.05
475.301	-1.58
475.563	-0.09
475.826	0.01
476.089	-0.04
476.352	0.02
476.614	0.02
476.877	0.08
477.139	-1
477.402	17.82
477.665	-8.96
477.927	-1.49
478.19	0
478.453	0.15
478.715	0.2
478.978	0.21
479.24	0.17
479.503	0.18
479.766	-0.82
480.028	18.07
480.291	-8.72
480.553	-1.23
480.816	0.17
481.078	0.25
481.341	0.22
481.603	0.16
481.866	0.15
482.128	0.13
482.391	-0.89
482.653	17.9
482.916	-8.95
483.178	-1.52
483.441	-0.11
483.703	0.03
483.965	0.02
484.228	0.03
484.49	0.06
484.753	0.09
485.015	-0.84
485.277	17.93
485.54	-8.86
485.802	-1.36
486.065	0.12
486.327	0.3
486.589	0.33
486.852	0.37
487.114	0.34
487.376	0.38
487.638	-0.6
487.901	18.23
488.163	-8.52
488.425	-1.04
488.688	0.38
488.95	0.54
489.212	0.59
489.474	0.59
489.737	0.63
489.999	0.69
490.261	-0.29
490.523	18.48
490.786	-8.31
491.048	-0.85
491.31	0.52
491.572	0.64
491.834	0.58
492.096	0.51
492.359	0.51
492.621	0.47
492.883	-0.51
493.145	18.28
493.407	-8.44
493.669	-1.03
493.931	0.38
494.193	0.56
494.455	0.58
494.718	0.61
494.98	0.64
495.242	0.7
495.504	-0.23
495.766	18.57
496.028	-8.18
496.29	-0.78
496.552	0.64
496.814	0.78
497.076	0.71
497.338	0.75
497.6	0.75
497.862	0.8
498.124	-0.26
498.386	18.54
498.648	-8.21
498.91	-0.85
499.172	0.62
499.433	0.76
499.695	0.8
499.957	0.9
500.219	0.89
500.481	0.92
500.743	-0.1
501.005	18.68
501.267	-8.13
501.529	-0.63
501.79	0.85
502.052	1.02
502.314	1.01
502.576	1.05
502.838	1.04
503.099	1.03
503.361	0.04
503.623	18.81
503.885	-7.96
504.147	-0.57
504.408	0.77
504.67	0.91
504.932	0.85
505.194	0.93
505.455	0.97
505.717	0.99
505.979	0.01
506.24	18.88
506.502	-7.85
506.764	-0.32
507.025	1.18
507.287	1.29
507.549	1.29
507.81	1.34
508.072	1.33
508.334	1.3
508.595	0.3
508.857	19.02
509.119	-7.77
509.38	-0.29
509.642	1.1
509.903	1.25
510.165	1.34
510.426	1.37
510.688	1.31
510.949	1.36
511.211	0.35
511.473	19.14
511.734	-7.46
511.996	0.04
512.257	1.44
512.519	1.6
512.78	1.54
513.042	1.54
513.303	1.53
513.564	1.59
513.826	0.57
514.087	19.39
514.349	-7.32
514.61	0.08
514.872	1.46
515.133	1.58
515.394	1.57
515.656	1.65
515.917	1.62
516.179	1.67
516.44	0.69
516.701	19.46
516.963	-7.33
517.224	0.1
517.485	1.54
517.747	1.62
518.008	1.57
518.269	1.53
518.53	1.54
518.792	1.53
519.053	0.5
519.314	19.22
519.576	-7.51
519.837	-0.06
520.098	1.35
520.359	1.39
520.62	1.45
520.882	1.54
521.143	1.57
521.404	1.57
521.665	0.62
521.926	19.37
522.188	-7.34
522.449	0.02
522.71	1.41
522.971	1.58
523.232	1.62
523.493	1.64
523.755	1.62
524.016	1.68
524.277	0.71
524.538	19.37
524.799	-7.3
525.06	0.15
525.321	1.61
525.582	1.78
525.843	1.71
526.104	1.68
526.365	1.65
526.626	1.66
526.887	0.59
527.148	19.26
527.409	-7.3
527.67	0.14
527.931	1.53
528.192	1.69
528.453	1.65
528.714	1.67
528.975	1.69
529.236	1.69
529.497	0.66
529.758	19.45
530.019	-7.17
530.28	0.16
530.541	1.61
530.801	1.78
531.062	1.77
531.323	1.81
531.584	1.84
531.845	1.87
532.106	0.87
532.367	19.66
532.627	-7.03
532.888	0.37
533.149	1.82
533.41	1.87
533.671	1.85
533.931	1.86
534.192	1.81
534.453	1.78
534.714	0.82
534.974	19.57
535.235	-7.13
535.496	0.27
535.757	1.66
536.017	1.74
536.278	1.79
536.539	1.86
536.799	1.86
537.06	1.88
537.321	0.91
537.581	19.62
537.842	-7.05
538.103	0.34
538.363	1.74
538.624	1.84
538.885	1.85
539.145	1.82
539.406	1.74
539.666	1.71
539.927	0.68
540.188	19.42
540.448	-7.29
540.709	0.12
540.969	1.57
541.23	1.7
541.49	1.73
541.751	1.78
542.011	1.79
542.272	1.85
542.532	0.87
542.793	19.65
543.053	-6.97
543.314	0.45
543.574	1.86
543.835	1.96
544.095	1.97
544.356	1.95
544.616	1.86
544.876	1.86
545.137	0.8
545.397	19.54
545.658	-7.04
545.918	0.36
546.178	1.83
546.439	1.95
546.699	1.95
546.959	1.97
547.22	1.94
547.48	2.01
547.74	1.03
548.001	19.81
548.261	-6.86
548.521	0.45
548.782	1.88
549.042	1.95
549.302	1.95
549.562	1.98
549.823	1.94
550.083	1.98
550.343	0.96
550.603	19.64
550.864	-7.06
551.124	0.33
551.384	1.78
551.644	1.86
551.904	1.89
552.165	1.89
552.425	1.87
552.685	1.94
552.945	0.95
553.205	19.67
553.465	-6.97
553.725	0.45
553.986	1.86
554.246	1.96
554.506	1.9
554.766	1.85
555.026	1.8
555.286	1.78
555.546	0.75
555.806	19.42
556.066	-7.23
556.326	0.19
556.586	1.53
556.846	1.67
557.106	1.66
557.366	1.73
557.626	1.75
557.886	1.79
558.146	0.76
558.406	19.42
558.666	-7.18
558.926	0.16
559.186	1.55
559.446	1.79
559.706	1.71
559.966	1.7
560.226	1.65
560.486	1.7
560.746	0.68
561.005	19.39
561.265	-7.21
561.525	0.16
561.785	1.69
562.045	1.8
562.305	1.68
562.564	1.78
562.824	1.78
563.084	1.83
563.344	0.77
563.604	19.5
563.863	-7.09
564.123	0.32
564.383	1.77
564.643	1.85
564.903	1.8
565.162	1.84
565.422	1.75
565.682	1.76
565.941	0.7
566.201	19.47
566.461	-7.14
566.721	0.22
566.98	1.65
567.24	1.71
567.5	1.7
567.759	1.78
568.019	1.77
568.278	1.85
568.538	0.85
568.798	19.63
569.057	-7.02
569.317	0.3
569.577	1.68
569.836	1.8
570.096	1.84
570.355	1.85
570.615	1.81
570.874	1.8
571.134	0.77
571.393	19.43
571.653	-7.24
571.912	0.07
572.172	1.5
572.431	1.69
572.691	1.66
572.95	1.66
573.21	1.62
573.469	1.67
573.729	0.7
573.988	19.42
574.248	-7.21
574.507	0.12
574.767	1.58
575.026	1.74
575.285	1.69
575.545	1.74
575.804	1.73
576.063	1.77
576.323	0.72
576.582	19.41
576.842	-7.18
577.101	0.24
577.36	1.7
577.62	1.81
577.879	1.77
578.138	1.8
578.397	1.74
578.657	1.75
578.916	0.74
579.175	19.41
579.435	-7.16
579.694	0.23
579.953	1.71
580.212	1.8
580.471	1.75
580.731	1.75
580.99	1.7
581.249	1.72
581.508	0.67
581.767	19.34
582.027	-7.24
582.286	0.07
582.545	1.45
582.804	1.47
583.063	1.47
583.322	1.54
583.581	1.53
583.841	1.55
584.1	0.55
584.359	19.23
584.618	-7.32
584.877	0.05
585.136	1.47
585.395	1.57
585.654	1.56
585.913	1.61
586.172	1.63
586.431	1.65
586.69	0.73
586.949	19.42
587.208	-7.13
587.467	0.24
587.726	1.63
587.985	1.79
588.244	1.87
588.503	1.92
588.762	1.91
589.021	1.88
589.28	0.88
589.539	19.56
589.798	-7
590.057	0.32
590.316	1.7
590.574	1.83
590.833	1.81
591.092	1.73
591.351	1.72
591.61	1.7
591.869	0.68
592.128	19.32
592.386	-7.24
592.645	0.11
592.904	1.54
593.163	1.72
593.422	1.68
593.68	1.73
593.939	1.74
594.198	1.72
594.457	0.73
594.715	19.4
594.974	-7.17
595.233	0.13
595.492	1.51
595.75	1.58
596.009	1.53
596.268	1.55
596.526	1.55
596.785	1.55
597.044	0.57
597.302	19.2
597.561	-7.34
597.82	0.07
598.078	1.44
598.337	1.56
598.595	1.62
598.854	1.63
599.113	1.63
599.371	1.59
599.63	0.62
599.888	19.32
600.147	-7.19
600.405	0.2
600.664	1.62
600.923	1.79
601.181	1.83
601.44	1.81
601.698	1.82
601.957	1.83
602.215	0.83
602.474	19.48
602.732	-7.1
602.99	0.24
603.249	1.63
603.507	1.71
603.766	1.74
604.024	1.72
604.283	1.7
604.541	1.64
604.799	0.65
605.058	19.33
605.316	-7.24
605.575	0.07
605.833	1.46
606.091	1.61
606.35	1.6
606.608	1.61
606.866	1.57
607.125	1.58
607.383	0.66
607.641	19.28
607.9	-7.26
608.158	0.09
608.416	1.53
608.674	1.65
608.933	1.58
609.191	1.58
609.449	1.53
609.707	1.52
609.966	0.56
610.224	19.15
610.482	-7.36
610.74	-0.04
610.998	1.33
611.257	1.46
611.515	1.42
611.773	1.4
612.031	1.35
612.289	1.34
612.547	0.42
612.806	19.15
613.064	-7.38
613.322	-0.07
613.58	1.36
613.838	1.51
614.096	1.49
614.354	1.52
614.612	1.56
614.87	1.58
615.128	0.61
615.386	19.21
615.644	-7.4
615.902	-0.02
616.16	1.4
616.418	1.47
616.676	1.46
616.934	1.44
617.192	1.45
617.45	1.48
617.708	0.51
617.966	19.13
618.224	-7.42
618.482	-0.01
618.74	1.42
618.998	1.56
619.256	1.6
619.514	1.64
619.772	1.6
620.03	1.65
620.287	0.63
620.545	19.27
620.803	-7.25
621.061	0.11
621.319	1.44
621.577	1.51
621.834	1.49
622.092	1.56
622.35	1.52
622.608	1.61
622.866	0.57
623.123	19.2
623.381	-7.28
623.639	0.03
623.897	1.4
624.154	1.49
624.412	1.51
624.67	1.5
624.928	1.39
625.185	1.41
625.443	0.42
625.701	19.08
625.958	-7.43
626.216	-0.15
626.474	1.31
626.731	1.44
626.989	1.46
627.247	1.52
627.504	1.49
627.762	1.54
628.02	0.53
628.277	19.15
628.535	-7.38
628.792	-0.07
629.05	1.34
629.307	1.41
629.565	1.41
629.823	1.5
630.08	1.46
630.338	1.49
630.595	0.48
630.853	19.1
631.11	-7.35
631.368	-0.05
631.625	1.34
631.883	1.43
632.14	1.43
632.397	1.41
632.655	1.32
632.912	1.37
633.17	0.42
633.427	19.06
633.685	-7.45
633.942	-0.18
634.199	1.27
634.457	1.46
634.714	1.45
634.972	1.47
635.229	1.49
635.486	1.48
635.744	0.43
636.001	18.98
636.258	-7.56
636.516	-0.25
636.773	1.15
637.03	1.18
637.288	1.15
637.545	1.23
637.802	1.25
638.059	1.25
638.317	0.28
638.574	18.84
638.831	-7.61
639.088	-0.27
639.346	1.2
639.603	1.36
639.86	1.38
640.117	1.36
640.374	1.27
640.631	1.26
640.889	0.28
641.146	18.94
641.403	-7.52
641.66	-0.27
641.917	1.14
642.174	1.24
642.431	1.15
642.689	1.16
642.946	1.17
643.203	1.21
643.46	0.25
643.717	18.89
643.974	-7.6
644.231	-0.27
644.488	1.17
644.745	1.23
645.002	1.27
645.259	1.33
645.516	1.31
645.773	1.33
646.03	0.37
646.287	18.95
646.544	-7.52
646.801	-0.22
647.058	1.17
647.315	1.35
647.572	1.39
647.829	1.34
648.086	1.33
648.343	1.39
648.6	0.43
648.856	19.08
649.113	-7.42
649.37	-0.16
649.627	1.2
649.884	1.28
650.141	1.2
650.398	1.2
650.654	1.21
650.911	1.29
651.168	0.31
651.425	18.89
651.682	-7.64
651.938	-0.31
652.195	1.08
652.452	1.27
652.709	1.34
652.965	1.4
653.222	1.41
653.479	1.45
653.736	0.35
653.992	18.93
654.249	-7.52
654.506	-0.21
654.762	1.2
655.019	1.34
655.276	1.35
655.532	1.36
655.789	1.38
656.046	1.42
656.302	0.45
656.559	19.1
656.816	-7.43
657.072	-0.11
657.329	1.26
657.585	1.41
657.842	1.45
658.099	1.4
658.355	1.35
658.612	1.37
658.868	0.33
659.125	18.89
659.381	-7.56
659.638	-0.24
659.894	1.14
660.151	1.23
660.407	1.21
660.664	1.18
660.92	1.18
661.177	1.21
661.433	0.18
661.69	18.73
661.946	-7.77
662.203	-0.46
662.459	1.05
662.715	1.2
662.972	1.26
663.228	1.28
663.485	1.29
663.741	1.28
663.997	0.28
664.254	18.88
664.51	-7.5
664.766	-0.21
665.023	1.2
665.279	1.25
665.535	1.21
665.792	1.3
666.048	1.3
666.304	1.28
666.56	0.28
666.817	18.9
667.073	-7.53
667.329	-0.22
667.586	1.2
667.842	1.29
668.098	1.29
668.354	1.32
668.61	1.23
668.867	1.21
669.123	0.25
669.379	18.91
669.635	-7.57
669.891	-0.3
670.147	1.1
670.404	1.2
670.66	1.26
670.916	1.27
671.172	1.2
671.428	1.16
671.684	0.16
671.94	18.78
672.196	-7.66
672.452	-0.36
672.708	1.08
672.965	1.24
673.221	1.26
673.477	1.26
673.733	1.31
673.989	1.37
674.245	0.44
674.501	19.12
674.757	-7.36
675.013	-0.13
675.269	1.25
675.525	1.34
675.781	1.25
676.037	1.26
676.292	1.18
676.548	1.11
676.804	0.09
677.06	18.68
677.316	-7.88
677.572	-0.57
677.828	0.87
678.084	1.01
678.34	1.01
678.596	1.06
678.851	1.06
679.107	1.18
679.363	0.2
679.619	18.87
679.875	-7.59
680.131	-0.25
680.386	1.15
680.642	1.25
680.898	1.21
681.154	1.2
681.409	1.13
681.665	1.12
681.921	0.04
682.177	18.68
682.432	-7.84
682.688	-0.59
682.944	0.8
683.199	0.88
683.455	0.89
683.711	0.93
683.967	0.95
684.222	0.99
684.478	0.01
684.734	18.6
684.989	-7.84
685.245	-0.52
685.5	0.93
685.756	1.14
686.012	1.15
686.267	1.18
686.523	1.15
686.778	1.12
687.034	0.12
687.289	18.69
687.545	-7.74
687.801	-0.47
688.056	0.91
688.312	1.07
688.567	1.02
688.823	1.04
689.078	0.98
689.334	0.98
689.589	0.07
689.845	18.74
690.1	-7.63
690.355	-0.34
690.611	1.06
690.866	1.24
691.122	1.22
691.377	1.17
691.633	1.17
691.888	1.24
692.143	0.27
692.399	18.8
692.654	-7.69
692.909	-0.51
693.165	0.86
693.42	0.97
693.675	0.89
693.931	0.91
694.186	0.9
694.441	0.84
694.697	-0.17
694.952	18.44
695.207	-8.01
695.463	-0.73
695.718	0.71
695.973	0.92
696.228	0.94
696.484	1.03
696.739	1.03
696.994	1.1
697.249	0.17
697.504	18.81
697.76	-7.65
698.015	-0.31
698.27	1.18
698.525	1.37
698.78	1.31
699.035	1.3
699.291	1.27
699.546	1.28
699.801	0.3
700.056	18.88
700.311	-7.63
700.566	-0.32
700.821	1.01
701.076	1.04
701.331	0.99
701.586	1.03
701.841	1
702.096	1.02
702.351	-0.01
702.606	18.49
702.862	-7.97
703.117	-0.66
703.372	0.66
703.626	0.83
703.881	0.86
704.136	0.92
704.391	0.89
704.646	0.9
704.901	-0.13
705.156	18.5
705.411	-7.89
705.666	-0.56
705.921	0.84
706.176	1.06
706.431	1.05
706.686	1.01
706.94	0.97
707.195	0.92
707.45	-0.04
707.705	18.56
707.96	-7.94
708.215	-0.66
708.469	0.77
708.724	0.93
708.979	0.92
709.234	0.94
709.489	0.97
709.743	0.99
709.998	0.06
710.253	18.64
710.508	-7.79
710.762	-0.45
711.017	0.98
711.272	1.06
711.527	1.06
711.781	1.07
712.036	1.05
712.291	1.07
712.545	0.08
712.8	18.65
713.055	-7.79
713.309	-0.46
713.564	0.96
713.818	1.07
714.073	1.05
714.328	0.97
714.582	0.94
714.837	0.96
715.091	-0.04
715.346	18.53
715.601	-7.91
715.855	-0.6
716.11	0.74
716.364	0.85
716.619	0.83
716.873	0.85
717.128	0.93
717.382	0.96
717.637	-0.03
717.891	18.57
718.146	-7.87
718.4	-0.54
718.655	0.87
718.909	1.06
719.164	1.02
719.418	1.08
719.672	1.03
719.927	0.99
720.181	-0.08
720.436	18.49
720.69	-7.97
720.944	-0.62
721.199	0.81
721.453	0.91
721.707	0.88
721.962	0.97
722.216	0.92
722.47	0.97
722.725	-0
722.979	18.62
723.233	-7.81
723.488	-0.54
723.742	0.81
723.996	0.89
724.25	0.89
724.505	0.91
724.759	0.88
725.013	0.88
725.267	-0.16
725.522	18.46
725.776	-7.93
726.03	-0.59
726.284	0.86
726.538	1
726.792	0.99
727.047	0.99
727.301	0.91
727.555	0.9
727.809	-0.08
728.063	18.6
728.317	-7.84
728.571	-0.56
728.825	0.85
729.08	0.97
729.334	0.94
729.588	0.93
729.842	0.92
730.096	0.91
730.35	-0.14
730.604	18.51
730.858	-8
731.112	-0.74
731.366	0.67
731.62	0.79
731.874	0.84
732.128	0.89
732.382	0.91
732.636	0.92
732.89	-0
733.144	18.62
733.398	-7.87
733.652	-0.57
733.905	0.83
734.159	0.94
734.413	0.93
734.667	0.92
734.921	0.87
735.175	0.84
735.429	-0.19
735.683	18.41
735.936	-8.06
736.19	-0.71
736.444	0.73
736.698	0.85
736.952	0.88
737.205	0.9
737.459	0.86
737.713	0.83
737.967	-0.16
738.221	18.42
738.474	-8.04
738.728	-0.73
738.982	0.65
739.236	0.75
739.489	0.74
739.743	0.76
739.997	0.7
740.25	0.7
740.504	-0.23
740.758	18.4
741.011	-8.01
741.265	-0.69
741.519	0.77
741.772	0.87
742.026	0.85
742.28	0.87
742.533	0.76
742.787	0.76
743.04	-0.17
743.294	18.38
743.547	-8.02
743.801	-0.69
744.055	0.73
744.308	0.81
744.562	0.84
744.815	0.84
745.069	0.8
745.322	0.87
745.576	-0.12
745.829	18.38
746.083	-8.02
746.336	-0.73
746.59	0.69
746.843	0.8
747.097	0.76
747.35	0.77
747.603	0.8
747.857	0.78
748.11	-0.18
748.364	18.45
748.617	-7.91
748.87	-0.65
749.124	0.7
749.377	0.81
749.63	0.79
749.884	0.82
750.137	0.81
750.39	0.82
750.644	-0.1
750.897	18.46
751.15	-7.99
751.404	-0.74
751.657	0.68
751.91	0.84
752.164	0.84
752.417	0.83
752.67	0.79
752.923	0.8
753.176	-0.2
753.43	18.33
753.683	-8.07
753.936	-0.76
754.189	0.65
754.442	0.78
754.696	0.79
754.949	0.78
755.202	0.83
755.455	0.9
755.708	-0.11
755.961	18.41
756.214	-7.94
756.468	-0.64
756.721	0.75
756.974	0.87
757.227	0.86
757.48	0.84
757.733	0.82
757.986	0.74
758.239	-0.29
758.492	18.35
758.745	-8.03
758.998	-0.77
759.251	0.59
759.504	0.71
759.757	0.74
760.01	0.81
760.263	0.79
760.516	0.83
760.769	-0.13
761.022	18.47
761.275	-7.98
761.528	-0.63
761.781	0.82
762.034	0.98
762.287	0.98
762.54	0.91
762.792	0.8
763.045	0.82
763.298	-0.19
763.551	18.46
763.804	-7.95
764.057	-0.71
764.31	0.64
764.562	0.71
764.815	0.69
765.068	0.65
765.321	0.69
765.574	0.74
765.826	-0.27
766.079	18.3
766.332	-8.14
766.585	-0.84
766.837	0.62
767.09	0.75
767.343	0.78
767.595	0.78
767.848	0.77
768.101	0.77
768.354	-0.23
768.606	18.4
768.859	-7.98
769.112	-0.69
769.364	0.71
769.617	0.79
769.869	0.71
770.122	0.69
770.375	0.65
770.627	0.69
770.88	-0.28
771.132	18.36
771.385	-8.08
771.638	-0.78
771.89	0.59
772.143	0.7
772.395	0.76
772.648	0.85
772.9	0.9
773.153	0.95
773.405	-0.11
773.658	18.47
773.91	-7.97
774.163	-0.66
774.415	0.75
774.668	0.91
774.92	0.9
775.173	0.82
775.425	0.76
775.677	0.74
775.93	-0.25
776.182	18.43
776.435	-7.99
776.687	-0.65
776.939	0.78
777.192	0.92
777.444	0.86
777.696	0.9
777.949	0.96
778.201	0.99
778.453	-0.04
778.706	18.55
778.958	-7.92
779.21	-0.63
779.463	0.74
779.715	0.76
779.967	0.7
780.219	0.71
780.472	0.63
780.724	0.6
780.976	-0.4
781.228	18.19
781.481	-8.2
781.733	-0.89
781.985	0.57
782.237	0.67
782.489	0.66
782.741	0.69
782.994	0.64
783.246	0.68
783.498	-0.29
783.75	18.31
784.002	-8.13
784.254	-0.92
784.506	0.49
784.758	0.6
785.011	0.6
785.263	0.63
785.515	0.61
785.767	0.71
786.019	-0.29
786.271	18.28
786.523	-8.1
786.775	-0.79
787.027	0.65
787.279	0.77
787.531	0.76
787.783	0.75
788.035	0.71
788.287	0.69
788.539	-0.32
788.791	18.33
789.043	-8.06
789.295	-0.77
789.546	0.67
789.798	0.8
790.05	0.78
790.302	0.75
790.554	0.71
790.806	0.76
791.058	-0.17
791.31	18.39
791.561	-8.02
791.813	-0.73
792.065	0.61
792.317	0.64
792.569	0.63
792.821	0.71
793.072	0.67
793.324	0.77
793.576	-0.17
793.828	18.44
794.079	-7.94
794.331	-0.72
794.583	0.7
794.835	0.86
795.086	0.93
795.338	0.96
795.59	0.91
795.841	0.96
796.093	-0.08
796.345	18.46
796.596	-7.97
796.848	-0.69
797.1	0.71
797.351	0.83
797.603	0.84
797.855	0.92
798.106	0.85
798.358	0.88
798.609	-0.12
798.861	18.48
799.113	-7.99
799.364	-0.72
799.616	0.63
799.867	0.8
800.119	0.81
800.37	0.77
800.622	0.64
800.873	0.67
801.125	-0.36
801.376	18.23
801.628	-8.18
801.879	-0.89
802.131	0.47
802.382	0.6
802.634	0.56
802.885	0.54
803.137	0.61
803.388	0.65
803.639	-0.34
803.891	18.25
804.142	-8.21
804.394	-0.94
804.645	0.52
804.896	0.63
805.148	0.62
805.399	0.63
805.65	0.67
805.902	0.63
806.153	-0.33
806.404	18.29
806.656	-8.1
806.907	-0.74
807.158	0.69
807.409	0.82
807.661	0.87
807.912	0.93
808.163	0.89
808.414	0.83
808.666	-0.19
808.917	18.39
809.168	-8.01
809.419	-0.72
809.67	0.67
809.922	0.77
810.173	0.71
810.424	0.75
810.675	0.72
810.926	0.76
811.177	-0.18
811.428	18.45
811.68	-7.95
811.931	-0.69
812.182	0.68
812.433	0.78
812.684	0.81
812.935	0.88
813.186	0.86
813.437	0.84
813.688	-0.17
813.939	18.38
814.19	-8.03
814.441	-0.78
814.692	0.62
814.943	0.77
815.194	0.77
815.445	0.71
815.696	0.66
815.947	0.66
816.198	-0.26
816.449	18.32
816.7	-8.01
816.951	-0.76
817.202	0.64
817.453	0.78
817.704	0.72
817.954	0.75
818.205	0.8
818.456	0.79
818.707	-0.16
818.958	18.37
819.209	-8.03
819.46	-0.83
819.71	0.63
819.961	0.8
820.212	0.78
820.463	0.81
820.714	0.75
820.964	0.75
821.215	-0.18
821.466	18.3
821.717	-8.1
821.967	-0.76
822.218	0.63
822.469	0.69
822.72	0.66
822.97	0.69
823.221	0.68
823.472	0.76
823.722	-0.21
823.973	18.33
824.224	-8.02
824.474	-0.69
824.725	0.69
824.975	0.85
825.226	0.89
825.477	0.88
825.727	0.87
825.978	0.92
826.229	-0.08
826.479	18.42
826.73	-7.98
826.98	-0.68
827.231	0.68
827.481	0.76
827.732	0.71
827.982	0.64
828.233	0.61
828.483	0.59
828.734	-0.42
828.984	18.12
829.235	-8.22
829.485	-0.94
829.736	0.51
829.986	0.64
830.237	0.64
830.487	0.7
830.737	0.77
830.988	0.79
831.238	-0.16
831.489	18.4
831.739	-7.97
831.989	-0.68
832.24	0.71
832.49	0.78
832.74	0.79
832.991	0.84
833.241	0.86
833.491	0.93
833.742	-0.01
833.992	18.61
834.242	-7.76
834.493	-0.47
834.743	0.92
834.993	1.05
835.243	1.07
835.494	1.07
835.744	1
835.994	0.97
836.244	-0.05
836.494	18.51
836.745	-7.94
836.995	-0.65
837.245	0.75
837.495	0.87
837.745	0.85
837.996	0.86
838.246	0.87
838.496	0.95
838.746	0.02
838.996	18.58
839.246	-7.86
839.496	-0.62
839.746	0.75
839.996	0.85
840.246	0.83
840.497	0.82
840.747	0.79
840.997	0.74
841.247	-0.26
841.497	18.27
841.747	-8.09
841.997	-0.81
842.247	0.58
842.497	0.72
842.747	0.75
842.997	0.76
843.247	0.8
843.496	0.82
843.746	-0.12
843.996	18.42
844.246	-8
844.496	-0.77
844.746	0.64
844.996	0.84
845.246	0.84
845.496	0.84
845.746	0.87
845.995	0.87
846.245	-0.16
846.495	18.4
846.745	-7.96
846.995	-0.66
847.245	0.74
847.494	0.87
847.744	0.87
847.994	0.88
848.244	0.85
848.493	0.82
848.743	-0.17
848.993	18.51
849.243	-7.91
849.492	-0.65
849.742	0.77
849.992	0.92
850.242	0.88
850.491	0.88
850.741	0.82
850.991	0.87
851.24	-0.04
851.49	18.57
851.74	-7.89
851.989	-0.57
852.239	0.85
852.488	0.94
852.738	0.89
852.988	0.9
853.237	0.87
853.487	0.91
853.736	-0.1
853.986	18.38
854.235	-8.03
854.485	-0.78
854.735	0.59
854.984	0.65
855.234	0.63
855.483	0.67
855.733	0.69
855.982	0.74
856.232	-0.22
856.481	18.32
856.73	-8.09
856.98	-0.78
857.229	0.68
857.479	0.76
857.728	0.77
857.978	0.78
858.227	0.77
858.476	0.79
858.726	-0.24
858.975	18.28
859.225	-8.1
859.474	-0.77
859.723	0.59
859.973	0.7
860.222	0.72
860.471	0.77
860.721	0.73
860.97	0.7
861.219	-0.31
861.468	18.32
861.718	-8.04
861.967	-0.75
862.216	0.62
862.465	0.73
862.715	0.72
862.964	0.74
863.213	0.75
863.462	0.8
863.712	-0.16
863.961	18.44
864.21	-7.98
864.459	-0.73
864.708	0.62
864.957	0.74
865.207	0.76
865.456	0.72
865.705	0.69
865.954	0.66
866.203	-0.32
866.452	18.26
866.701	-8.16
866.95	-0.93
867.199	0.45
867.448	0.61
867.698	0.63
867.947	0.62
868.196	0.65
868.445	0.71
868.694	-0.27
868.943	18.31
869.192	-8.06
869.441	-0.74
869.69	0.71
869.939	0.92
870.188	0.93
870.436	0.94
870.685	0.92
870.934	0.98
871.183	0.04
871.432	18.66
871.681	-7.68
871.93	-0.4
872.179	0.93
872.428	1.06
872.677	1.06
872.925	1.07
873.174	1.06
873.423	1.16
873.672	0.21
873.921	18.8
874.17	-7.59
874.418	-0.37
874.667	0.99
874.916	1.12
875.165	1.17
875.413	1.2
875.662	1.2
875.911	1.23
876.16	0.17
876.408	18.69
876.657	-7.79
876.906	-0.56
877.155	0.83
877.403	0.95
877.652	1
877.901	0.93
878.149	0.84
878.398	0.8
878.647	-0.17
878.895	18.4
879.144	-8
879.392	-0.68
879.641	0.78
879.89	0.9
880.138	0.94
880.387	0.9
880.635	0.91
880.884	0.96
881.132	0.03
881.381	18.57
881.63	-7.75
881.878	-0.51
882.127	0.87
882.375	0.98
882.624	1
882.872	1.04
883.121	1.1
883.369	1.15
883.617	0.19
883.866	18.74
884.114	-7.63
884.363	-0.39
884.611	1.05
884.86	1.22
885.108	1.19
885.356	1.18
885.605	1.14
885.853	1.1
886.102	0.11
886.35	18.65
886.598	-7.75
886.847	-0.47
887.095	0.9
887.343	1.05
887.592	0.99
887.84	1.04
888.088	1.08
888.336	1.1
888.585	0.2
888.833	18.72
889.081	-7.67
889.329	-0.34
889.578	1.09
889.826	1.23
890.074	1.24
890.322	1.25
890.571	1.21
890.819	1.24
891.067	0.2
891.315	18.75
891.563	-7.6
891.811	-0.32
892.06	1.05
892.308	1.12
892.556	1.1
892.804	1.04
893.052	1.04
893.3	1.06
893.548	0.07
893.796	18.7
894.044	-7.73
894.292	-0.5
894.54	0.92
894.788	1.04
895.036	1.06
895.284	1.16
895.533	1.2
895.781	1.23
896.028	0.23
896.276	18.78
896.524	-7.6
896.772	-0.29
897.02	1.14
897.268	1.26
897.516	1.3
897.764	1.32
898.012	1.29
898.26	1.3
898.508	0.34
898.756	18.9
899.004	-7.48
899.252	-0.19
899.499	1.31
899.747	1.43
899.995	1.48
900.243	1.51
900.491	1.53
900.739	1.56
900.986	0.63
901.234	19.27
901.482	-7.01
901.73	0.33
901.978	1.72
902.225	1.82
902.473	1.88
902.721	1.92
902.968	1.93
903.216	1.93
903.464	1.01
903.712	19.59
903.959	-6.79
904.207	0.5
904.455	1.94
904.702	2.17
904.95	2.21
905.198	2.24
905.445	2.25
905.693	2.3
905.941	1.48
906.188	20.09
906.436	-6.21
906.683	1.14
906.931	2.62
907.178	2.78
907.426	2.88
907.674	2.98
907.921	3.16
908.169	3.38
908.416	2.54
908.664	21.23
908.911	-4.91
909.159	2.67
909.406	4.56
909.654	5.35
909.901	6.34
910.149	7.55
910.396	9.3
910.644	11.21
910.891	12.33
911.138	32.77
911.386	8
911.633	16.59
911.881	19.69
912.128	21.71
912.375	25.39
912.623	32.45
912.87	52.78
913.117	96.23
913.365	184.99
913.612	343.52
913.859	525.75
914.107	805.07
914.354	1150.46
914.601	1554.4
914.849	2028.98
915.096	2573.37
915.343	3190.44
915.59	3868.37
915.838	4620.91
916.085	5435.18
916.332	6235.77
916.579	7078.19
916.827	7912.54
917.074	8720.35
917.321	9513.4
917.568	10248.98
917.815	10920.8
918.062	11548.77
918.31	12113.99
918.557	12614.08
918.804	12970.84
919.051	13267.35
919.298	13479.38
919.545	13622.34
919.792	13705.26
920.039	13722.53
920.286	13708.35
920.534	13662.94
920.781	13564.6
921.028	13459.05
921.275	13269.07
921.522	13091.07
921.769	12901.71
922.016	12690.5
922.263	12463.81
922.51	12219.46
922.757	11964.31
923.004	11700.28
923.251	11421.78
923.498	11131.83
923.745	10774.39
923.992	10442.35
924.238	10091.48
924.485	9694.67
924.732	9257.48
924.979	8765.71
925.226	8221.49
925.473	7619.38
925.72	6963.34
925.967	6284.07
926.214	5545.03
926.46	4817.83
926.707	4080.53
926.954	3363.42
927.201	2700.51
927.448	2097.3
927.694	1569.45
927.941	1124.3
928.188	766.31
928.435	507.19
928.682	282.33
928.928	156.27
929.175	82.65
929.422	45.04
929.668	30.02
929.915	22.95
930.162	18.92
930.409	16.22
930.655	13.22
930.902	30.39
931.149	2.76
931.395	9.08
931.642	9.5
931.889	8.78
932.135	7.96
932.382	7.35
932.628	6.74
932.875	6.27
933.122	4.79
933.368	23.09
933.615	-3.72
933.861	3.29
934.108	4.34
934.354	4.32
934.601	4.08
934.847	4.05
935.094	3.89
935.34	3.81
935.587	2.73
935.833	21.2
936.08	-5.35
936.326	1.9
936.573	3.21
936.819	3.32
937.066	3.13
937.312	3.09
937.559	2.94
937.805	2.85
938.051	1.8
938.298	20.31
938.544	-6.15
938.791	1.03
939.037	2.33
939.283	2.43
939.53	2.34
939.776	2.37
940.022	2.31
940.269	2.3
940.515	1.24
940.761	19.78
941.007	-6.68
941.254	0.57
941.5	1.94
941.746	2.07
941.993	1.98
942.239	1.95
942.485	1.8
942.731	1.8
942.977	0.78
943.224	19.36
943.47	-7.09
943.716	0.18
943.962	1.56
944.208	1.68
944.455	1.6
944.701	1.58
944.947	1.61
945.193	1.69
945.439	0.66
945.685	19.21
945.931	-7.18
946.177	0.12
946.423	1.48
946.67	1.62
946.916	1.63
947.162	1.67
947.408	1.63
947.654	1.64
947.9	0.61
948.146	19.23
948.392	-7.15
948.638	0.14
948.884	1.5
949.13	1.66
949.376	1.6
949.622	1.61
949.868	1.57
950.114	1.65
950.359	0.64
950.605	19.27
950.851	-7.08
951.097	0.21
951.343	1.56
951.589	1.64
951.835	1.63
952.081	1.69
952.327	1.69
952.572	1.73
952.818	0.73
953.064	19.29
953.31	-7.15
953.556	0.05
953.802	1.37
954.047	1.49
954.293	1.51
954.539	1.49
954.785	1.39
955.03	1.38
955.276	0.38
955.522	18.91
955.768	-7.5
956.013	-0.13
956.259	1.28
956.505	1.42
956.75	1.42
956.996	1.47
957.242	1.48
957.487	1.63
957.733	0.67
957.979	19.18
958.224	-7.17
958.47	0.18
958.716	1.49
958.961	1.58
959.207	1.55
959.452	1.6
959.698	1.56
959.943	1.56
960.189	0.52
960.435	19.06
960.68	-7.3
960.926	-0.06
961.171	1.28
961.417	1.37
961.662	1.39
961.908	1.48
962.153	1.45
962.399	1.46
962.644	0.49
962.89	19.06
963.135	-7.29
963.38	0.04
963.626	1.49
963.871	1.63
964.117	1.64
964.362	1.62
964.607	1.56
964.853	1.59
965.098	0.58
965.344	19.14
965.589	-7.28
965.834	0.01
966.08	1.35
966.325	1.42
966.57	1.35
966.815	1.42
967.061	1.44
967.306	1.48
967.551	0.5
967.797	19.04
968.042	-7.36
968.287	-0.06
968.532	1.31
968.777	1.49
969.023	1.55
969.268	1.65
969.513	1.66
969.758	1.7
970.003	0.7
970.249	19.28
970.494	-7.05
970.739	0.28
970.984	1.69
971.229	1.79
971.474	1.74
971.719	1.74
971.965	1.72
972.21	1.7
972.455	0.7
972.7	19.27
972.945	-7.14
973.19	0.18
973.435	1.57
973.68	1.67
973.925	1.67
974.17	1.72
974.415	1.63
974.66	1.64
974.905	0.69
975.15	19.3
975.395	-7.07
975.64	0.27
975.885	1.65
976.13	1.78
976.375	1.8
976.62	1.82
976.865	1.81
977.109	1.86
977.354	0.89
977.599	19.39
977.844	-7.05
978.089	0.21
978.334	1.59
978.579	1.67
978.824	1.67
979.068	1.66
979.313	1.73
979.558	1.78
979.803	0.8
980.048	19.42
980.292	-6.89
980.537	0.45
980.782	1.87
981.027	2.03
981.271	2.03
981.516	2.03
981.761	2.02
982.006	2
982.25	1.01
982.495	19.61
982.74	-6.81
982.984	0.41
983.229	1.77
983.474	1.9
983.718	1.87
983.963	1.93
984.208	1.96
984.452	2.04
984.697	1.02
984.941	19.57
985.186	-6.83
985.431	0.42
985.675	1.83
985.92	2.03
986.164	1.97
986.409	2
986.653	2
986.898	2
987.142	0.96
987.387	19.57
987.631	-6.79
987.876	0.48
988.12	1.89
988.365	2.02
988.609	1.99
988.854	2.07
989.098	2.05
989.343	2.05
989.587	1.02
989.831	19.62
990.076	-6.75
990.32	0.47
990.565	1.88
990.809	2.02
991.053	2.05
991.298	2.09
991.542	2.08
991.786	2.2
992.031	2.19
992.275	3.23
992.519	-14.33
992.764	-5.53
993.008	-3.96
993.252	-3.84
993.496	-3.87
993.741	-3.82
993.985	-3.87
994.229	-3.92
994.473	-4.07
994.718	-4.09
994.962	-4.11
995.206	-4.14
995.45	-4.13
995.694	-4.1
995.939	-4.08
996.183	-4.02
996.427	-4.07
996.671	-4.09
996.915	-4.09
997.159	-4.02
997.403	-4.02
997.647	-3.99
997.892	-4.04
998.136	-4.06
998.38	-4.09
998.624	-4.06
998.868	-4.07
999.112	-4.04
999.356	-4
999.6	-3.93
999.844	-3.95
1000.088	-3.88
1000.332	-3.89
1000.576	-3.85
1000.82	-3.93
1001.064	-3.91
1001.308	-3.9
1001.552	-3.89
1001.796	-3.96
1002.04	-3.92
1002.284	-3.99
1002.528	-3.94
1002.771	-3.96
1003.015	-3.96
1003.259	-3.97
1003.503	-3.86
1003.747	-3.81
1003.991	-3.9
1004.235	-3.95
1004.479	-3.91
1004.722	-3.93
1004.966	-3.9
1005.21	-3.99
1005.454	-3.96
1005.698	-3.97
1005.941	-3.97
1006.185	-4.07
1006.429	-4.13
1006.673	-4.13
1006.916	-4.06
1007.16	-4.08
1007.404	-4.07
1007.648	-4.07
1007.891	-3.97
1008.135	-4.02
1008.379	-4
1008.622	-3.95
1008.866	-3.82
1009.11	-3.83
1009.353	-3.76
1009.597	-3.8
1009.841	-3.72
1010.084	-3.72
1010.328	-3.71
1010.571	-3.74
1010.815	-3.72
1011.059	-3.72
1011.302	-3.72
1011.546	-3.75
1011.789	-3.77
1012.033	-3.78
1012.276	-3.77
1012.52	-3.86
1012.763	-3.84
1013.007	-3.9
1013.25	-3.88
1013.494	-3.91
1013.737	-3.95
1013.981	-3.99
1014.224	-4.03
1014.468	-3.98
1014.711	-3.95
1014.955	-3.93
1015.198	-3.83
1015.441	-3.85
1015.685	-3.8
1015.928	-3.79
1016.172	-3.75
1016.415	-3.75
1016.658	-3.71
1016.902	-3.73
1017.145	-3.69
1017.388	-3.66
1017.632	-3.7
1017.875	-3.77
1018.118	-3.75
1018.362	-3.73
1018.605	-3.75
1018.848	-3.79
1019.091	-3.74
1019.335	-3.79
1019.578	-3.72
1019.821	-3.76
1020.064	-3.79
1020.308	-3.77
1020.551	-3.76
1020.794	-3.8
1021.037	-3.8
1021.28	-3.79
1021.524	-3.76
1021.767	-3.82
1022.01	-3.77
1022.253	-3.8
1022.496	-3.77
1022.739	-3.82
1022.982	-3.84
1023.226	-3.8
1023.469	-3.77
1023.712	-3.84
1023.955	-3.82
1024.198	-3.91
1024.441	-3.87
1024.684	-3.92
1024.927	-3.91
1025.17	-3.97
1025.413	-3.91
1025.656	-3.91
1025.899	-3.92
1026.142	-3.99
1026.385	-3.92
1026.628	-3.96
1026.871	-3.87
1027.114	-3.91
1027.357	-3.82
1027.6	-3.85
1027.843	-3.78
1028.086	-3.86
1028.329	-3.85
1028.571	-3.88
1028.814	-3.87
1029.057	-3.94
1029.3	-3.94
1029.543	-3.99
1029.786	-3.96
1030.029	-4.04
1030.271	-4.06
1030.514	-4.07
1030.757	-4.09
1031	-4.11
1031.243	-4.1
1031.485	-4.11
1031.728	-4.04
1031.971	-4
1032.214	-3.98
1032.456	-3.98
1032.699	-3.89
1032.942	-3.82
1033.185	-3.83
1033.427	-3.78
1033.67	-3.77
1033.913	-3.77
1034.155	-3.76
1034.398	-3.75
1034.641	-3.76
1034.883	-3.79
1035.126	-3.8
1035.369	-3.86
1035.611	-3.88
1035.854	-3.92
1036.096	-3.89
1036.339	-3.88
1036.582	-3.87
1036.824	-3.88
1037.067	-3.89
1037.309	-3.91
1037.552	-3.84
1037.794	-3.78
1038.037	-3.76
1038.279	-3.82
1038.522	-3.81
1038.764	-3.8
1039.007	-3.8
1039.249	-3.86
1039.492	-3.84
1039.734	-3.83
1039.977	-3.83
1040.219	-3.93
1040.462	-3.98
1040.704	-4.04
1040.946	-3.98
1041.189	-4.01
1041.431	-4.05
1041.674	-4.1
1041.916	-4.06
1042.158	-4.03
1042.401	-4.1
1042.643	-4.19
1042.885	-4.14
1043.128	-4.18
1043.37	-4.18
1043.612	-4.22
1043.855	-4.15
1044.097	-4.19
1044.339	-4.14
1044.581	-4.12
1044.824	-4.14
1045.066	-4.13
1045.308	-4.06
1045.55	-4.09
1045.793	-3.97
1046.035	-3.94
1046.277	-3.89
1046.519	-3.93
1046.761	-3.89
1047.003	-3.9
1047.246	-3.86
1047.488	-3.86
1047.73	-3.88
1047.972	-3.87
1048.214	-3.89
1048.456	-4.02
1048.698	-4.06
1048.94	-4.12
1049.183	-4.03
1049.425	-4.05
1049.667	-4.03
1049.909	-4.06
1050.151	-4.04
1050.393	-4.02
1050.635	-3.98
1050.877	-3.98
1051.119	-3.97
1051.361	-4
1051.603	-3.95
1051.845	-4.03
1052.087	-3.97
1052.329	-4.06
1052.571	-4.04
1052.813	-4.08
1053.054	-4.05
1053.296	-4.12
1053.538	-4.08
1053.78	-4
1054.022	-3.94
1054.264	-3.95
1054.506	-3.94
1054.748	-4.03
1054.99	-3.95
1055.231	-4.03
1055.473	-4.09
1055.715	-4.17
1055.957	-4.12
1056.199	-4.11
1056.44	-4.17
1056.682	-4.2
1056.924	-4.27
1057.166	-4.29
1057.408	-4.2
1057.649	-4.28
1057.891	-4.24
1058.133	-4.22
1058.374	-4.16
1058.616	-4.21
1058.858	-4.24
1059.1	-4.24
1059.341	-4.26
1059.583	-4.28
1059.825	-4.29
1060.066	-4.38
1060.308	-4.34
1060.549	-4.33
1060.791	-4.32
1061.033	-4.38
1061.274	-4.37
1061.516	-4.4
1061.757	-4.42
1061.999	-4.45
1062.241	-4.42
1062.482	-4.45
1062.724	-4.42
1062.965	-4.45
1063.207	-4.47
1063.448	-4.44
1063.69	-4.35
1063.931	-4.35
1064.173	-4.31
1064.414	-4.31
1064.656	-4.27
1064.897	-4.37
1065.139	-4.35
1065.38	-4.42
1065.621	-4.41
1065.863	-4.41
1066.104	-4.43
1066.346	-4.55
1066.587	-4.52
1066.828	-4.57
1067.07	-4.59
1067.311	-4.61
1067.552	-4.48
1067.794	-4.51
1068.035	-4.41
1068.276	-4.46
1068.518	-4.47
1068.759	-4.52
1069	-4.47
1069.242	-4.54
1069.483	-4.49
1069.724	-4.49
1069.965	-4.52
1070.207	-4.56
1070.448	-4.53
1070.689	-4.57
1070.93	-4.55
1071.172	-4.62
1071.413	-4.61
1071.654	-4.63
1071.895	-4.6
1072.136	-4.64
1072.377	-4.63
1072.619	-4.57
1072.86	-4.54
1073.101	-4.6
1073.342	-4.58
1073.583	-4.58
1073.824	-4.52
1074.065	-4.54
1074.306	-4.5
1074.547	-4.52
1074.788	-4.58
1075.029	-4.6
1075.271	-4.64
1075.512	-4.62
1075.753	-4.55
1075.994	-4.57
1076.235	-4.57
1076.476	-4.62
1076.717	-4.62
1076.958	-4.62
1077.199	-4.62
1077.439	-4.58
1077.68	-4.58
1077.921	-4.59
1078.162	-4.61
1078.403	-4.66
1078.644	-4.65
1078.885	-4.66
1079.126	-4.62
1079.367	-4.6
1079.608	-4.67
1079.848	-4.71
1080.089	-4.71
1080.33	-4.73
1080.571	-4.8
1080.812	-4.86
1081.053	-4.9
1081.293	-4.94
1081.534	-4.93
1081.775	-4.97
1082.016	-4.94
1082.257	-4.9
1082.497	-4.84
1082.738	-4.84
1082.979	-4.78
1083.219	-4.7
1083.46	-4.7
1083.701	-4.75
1083.942	-4.76
1084.182	-4.83
1084.423	-4.8
1084.664	-4.88
1084.904	-4.93
1085.145	-5
1085.386	-4.98
1085.626	-5.06
1085.867	-5.14
1086.107	-5.2
1086.348	-5.13
1086.589	-5.18
1086.829	-5.15
1087.07	-5.21
1087.31	-5.14
1087.551	-5.14
1087.791	-5.13
1088.032	-5.17
1088.272	-5.15
1088.513	-5.12
1088.753	-5.09
1088.994	-5.13
1089.234	-5.09
1089.475	-5.13
1089.715	-5.06
1089.956	-5.11
1090.196	-5.1
1090.437	-5.14
1090.677	-5.09
1090.917	-5.14
1091.158	-5.17
1091.398	-5.14
1091.639	-5.1
1091.879	-5.14
1092.119	-5.13
1092.36	-5.22
1092.6	-5.2
1092.84	-5.22
1093.081	-5.18
1093.321	-5.24
1093.561	-5.17
1093.802	-5.24
1094.042	-5.27
1094.282	-5.34
1094.522	-5.27
1094.763	-5.3
1095.003	-5.23
1095.243	-5.26
1095.483	-5.32
1095.724	-5.39
1095.964	-5.39
1096.204	-5.45
1096.444	-5.43
1096.684	-5.44
1096.925	-5.4
1097.165	-5.47
1097.405	-5.46
1097.645	-5.48
1097.885	-5.45
1098.125	-5.44
1098.365	-5.37
1098.605	-5.45
1098.846	-5.43
1099.086	-5.42
1099.326	-5.36
1099.566	-5.41
1099.806	-5.42
1100.046	-5.43
1100.286	-5.41
1100.526	-5.45
1100.766	-5.45
1101.006	-5.5
1101.246	-5.49
1101.486	-5.52
1101.726	-5.51
1101.966	-5.56
1102.206	-5.55
1102.446	-5.52
1102.686	-5.51
1102.926	-5.55
1103.166	-5.55
1103.405	-5.54
1103.645	-5.57
1103.885	-5.53
1104.125	-5.51
1104.365	-5.56
1104.605	-5.54
1104.845	-5.54
1105.085	-5.55
1105.324	-5.58
1105.564	-5.65
1105.804	-5.66
1106.044	-5.68
1106.284	-5.68
1106.523	-5.7
1106.763	-5.73
1107.003	-5.68
1107.243	-5.72
1107.482	-5.73
1107.722	-5.77
1107.962	-5.77
1108.202	-5.77
1108.441	-5.74
1108.681	-5.77
1108.921	-5.77
1109.16	-5.79
1109.4	-5.8
1109.64	-5.85
1109.879	-5.85
1110.119	-5.85
1110.359	-5.82
1110.598	-5.84
1110.838	-5.82
1111.077	-5.83
1111.317	-5.75
1111.557	-5.75
1111.796	-5.73
1112.036	-5.77
1112.275	-5.71
1112.515	-5.65
1112.754	-5.64
1112.994	-5.71
1113.233	-5.62
1113.473	-5.65
1113.712	-5.73
1113.952	-5.82
1114.191	-5.82
1114.431	-5.82
1114.67	-5.79
1114.91	-5.84
1115.149	-5.93
1115.389	-5.93
1115.628	-5.85
1115.867	-5.95
1116.107	-5.91
1116.346	-5.87
1116.585	-5.85
1116.825	-5.88
1117.064	-5.92
1117.304	-5.9
1117.543	-5.9
1117.782	-5.89
1118.021	-5.89
1118.261	-5.91
1118.5	-5.9
1118.739	-5.94
1118.979	-5.98
1119.218	-6.05
1119.457	-6.04
1119.696	-6.06
1119.936	-6.11
1120.175	-6.13
1120.414	-6.16
1120.653	-6.23
1120.893	-6.24
1121.132	-6.23
1121.371	-6.22
1121.61	-6.23
1121.849	-6.16
1122.088	-6.22
1122.328	-6.2
1122.567	-6.18
1122.806	-6.18
1123.045	-6.22
1123.284	-6.21
1123.523	-6.25
1123.762	-6.26
1124.001	-6.27
1124.24	-6.2
1124.479	-6.21
1124.718	-6.1
1124.957	-6.12
1125.196	-6.14
1125.435	-6.19
1125.674	-6.22
1125.913	-6.25
1126.152	-6.24
1126.391	-6.24
1126.63	-6.3
1126.869	-6.36
1127.108	-6.39
1127.347	-6.49
1127.586	-6.51
1127.825	-6.52
