Data from HR4C45961_13-25-12-449.txt Node
195.373	-318.48
195.645	-273.84
195.916	-240.28
196.187	-214.15
196.459	-193.2
196.73	-177.17
197.002	-102.84
197.273	-55.96
197.544	-1.31
197.816	0.58
198.087	0.85
198.358	0.94
198.63	1.07
198.901	1.18
199.172	1.23
199.444	0.21
199.715	19.45
199.986	-7.87
200.257	-0.04
200.529	1.54
200.8	1.76
201.071	1.87
201.343	1.99
201.614	2.04
201.885	2.11
202.156	1.18
202.427	20.45
202.699	-6.87
202.97	0.93
203.241	2.45
203.512	2.67
203.783	2.7
204.055	2.76
204.326	2.84
204.597	2.98
204.868	2.04
205.139	21.24
205.41	-6.11
205.681	1.67
205.952	3.19
206.224	3.42
206.495	3.43
206.766	3.57
207.037	3.65
207.308	3.68
207.579	2.62
207.85	21.81
208.121	-5.57
208.392	2.15
208.663	3.68
208.934	3.87
209.205	3.96
209.476	4.01
209.747	4.05
210.018	4.07
210.289	3.11
210.56	22.33
210.831	-4.99
211.102	2.75
211.373	4.3
211.644	4.47
211.915	4.51
212.186	4.5
212.457	4.54
212.728	4.6
212.999	3.6
213.269	22.78
213.54	-4.63
213.811	3.03
214.082	4.59
214.353	4.76
214.624	4.77
214.895	4.77
215.165	4.79
215.436	4.83
215.707	3.77
215.978	22.86
216.249	-4.58
216.52	3.17
216.79	4.66
217.061	4.8
217.332	4.78
217.603	4.8
217.873	4.84
218.144	4.88
218.415	3.79
218.686	22.88
218.956	-4.51
219.227	3.24
219.498	4.7
219.768	4.85
220.039	4.71
220.31	4.69
220.58	4.67
220.851	4.67
221.122	3.61
221.392	22.79
221.663	-4.54
221.934	3.21
222.204	4.66
222.475	4.75
222.746	4.71
223.016	4.84
223.287	4.86
223.557	4.87
223.828	3.8
224.098	22.92
224.369	-4.5
224.64	3.19
224.91	4.61
225.181	4.76
225.451	4.82
225.722	4.83
225.992	4.8
226.263	4.79
226.533	3.77
226.804	22.89
227.074	-4.5
227.345	3.19
227.615	4.62
227.886	4.78
228.156	4.76
228.426	4.76
228.697	4.72
228.967	4.79
229.238	3.81
229.508	22.91
229.779	-4.44
230.049	3.24
230.319	4.74
230.59	4.94
230.86	4.91
231.13	4.92
231.401	4.92
231.671	4.91
231.941	3.82
232.212	22.88
232.482	-4.54
232.752	3.14
233.023	4.66
233.293	4.77
233.563	4.79
233.834	4.83
234.104	4.84
234.374	4.92
234.644	4
234.915	23.14
235.185	-4.2
235.455	3.53
235.725	4.97
235.995	5.04
236.266	5.03
236.536	5
236.806	4.99
237.076	4.97
237.346	3.82
237.616	22.81
237.887	-4.61
238.157	3.02
238.427	4.48
238.697	4.63
238.967	4.63
239.237	4.68
239.507	4.58
239.777	4.62
240.048	3.58
240.318	22.71
240.588	-4.65
240.858	3.04
241.128	4.54
241.398	4.63
241.668	4.59
241.938	4.6
242.208	4.51
242.478	4.51
242.748	3.41
243.018	22.48
243.288	-4.94
243.558	2.72
243.828	4.14
244.098	4.23
244.368	4.2
244.638	4.2
244.908	4.12
245.178	4.15
245.448	3.06
245.718	22.11
245.987	-5.25
246.257	2.43
246.527	3.87
246.797	3.98
247.067	3.93
247.337	3.93
247.607	3.92
247.877	3.91
248.146	2.84
248.416	21.96
248.686	-5.42
248.956	2.24
249.226	3.68
249.496	3.78
249.765	3.78
250.035	3.79
250.305	3.76
250.575	3.73
250.844	2.68
251.114	21.75
251.384	-5.65
251.654	1.97
251.923	3.42
252.193	3.52
252.463	3.54
252.732	3.54
253.002	3.47
253.272	3.42
253.542	2.33
253.811	21.37
254.081	-5.99
254.351	1.66
254.62	3.15
254.89	3.23
255.159	3.15
255.429	3.11
255.699	3.05
255.968	3.07
256.238	2.03
256.507	21.1
256.777	-6.28
257.047	1.4
257.316	2.89
257.586	3
257.855	2.95
258.125	2.94
258.394	2.87
258.664	2.84
258.933	1.77
259.203	20.83
259.472	-6.54
259.742	1.15
260.011	2.53
260.281	2.52
260.55	2.45
260.82	2.43
261.089	2.41
261.359	2.44
261.628	1.44
261.898	20.46
262.167	-6.85
262.436	0.79
262.706	2.17
262.975	2.27
263.245	2.31
263.514	2.38
263.783	2.38
264.053	2.4
264.322	1.28
264.591	20.29
264.861	-7.03
265.13	0.57
265.399	1.99
265.669	2.15
265.938	2.11
266.207	2.07
266.477	1.96
266.746	1.91
267.015	0.81
267.284	19.86
267.554	-7.53
267.823	0.1
268.092	1.52
268.361	1.66
268.631	1.57
268.9	1.6
269.169	1.53
269.438	1.51
269.707	0.45
269.977	19.54
270.246	-7.8
270.515	-0.15
270.784	1.24
271.053	1.33
271.322	1.27
271.591	1.28
271.861	1.2
272.13	1.21
272.399	0.18
272.668	19.21
272.937	-8.11
273.206	-0.5
273.475	0.94
273.744	1.03
274.013	0.98
274.282	0.98
274.551	0.95
274.82	0.93
275.089	-0.15
275.358	18.86
275.627	-8.47
275.896	-0.85
276.165	0.65
276.434	0.8
276.703	0.83
276.972	0.82
277.241	0.81
277.51	0.78
277.779	-0.3
278.048	18.71
278.317	-8.63
278.586	-0.96
278.855	0.45
279.124	0.5
279.393	0.38
279.662	0.35
279.93	0.33
280.199	0.26
280.468	-0.78
280.737	18.22
281.006	-9.07
281.275	-1.45
281.544	-0.09
281.812	0
282.081	0
282.35	0.02
282.619	-0.04
282.888	-0.13
283.156	-1.19
283.425	17.82
283.694	-9.4
283.963	-1.78
284.231	-0.37
284.5	-0.26
284.769	-0.3
285.038	-0.33
285.306	-0.38
285.575	-0.38
285.844	-1.37
286.112	17.67
286.381	-9.59
286.65	-2.02
286.918	-0.51
287.187	-0.36
287.456	-0.37
287.724	-0.33
287.993	-0.37
288.262	-0.33
288.53	-1.42
288.799	17.62
289.067	-9.65
289.336	-2.09
289.604	-0.6
289.873	-0.53
290.142	-0.6
290.41	-0.68
290.679	-0.77
290.947	-0.75
291.216	-1.81
291.484	17.24
291.753	-10.05
292.021	-2.48
292.29	-1.03
292.558	-1
292.827	-1.02
293.095	-0.98
293.364	-1
293.632	-0.95
293.901	-2.04
294.169	16.93
294.438	-10.38
294.706	-2.75
294.974	-1.24
295.243	-1.12
295.511	-1.09
295.78	-1.1
296.048	-1.15
296.316	-1.09
296.585	-2.13
296.853	16.92
297.121	-10.33
297.39	-2.67
297.658	-1.25
297.926	-1.11
298.195	-1.11
298.463	-1.12
298.731	-1.16
299	-1.13
299.268	-2.15
299.536	16.87
299.804	-10.4
300.073	-2.84
300.341	-1.43
300.609	-1.27
300.877	-1.36
301.146	-1.33
301.414	-1.34
301.682	-1.33
301.95	-2.38
302.218	16.65
302.487	-10.65
302.755	-3.04
303.023	-1.51
303.291	-1.36
303.559	-1.41
303.827	-1.36
304.096	-1.45
304.364	-1.41
304.632	-2.42
304.9	16.6
305.168	-10.66
305.436	-3.03
305.704	-1.53
305.972	-1.39
306.24	-1.4
306.508	-1.4
306.776	-1.41
307.045	-1.35
307.313	-2.41
307.581	16.62
307.849	-10.61
308.117	-2.97
308.385	-1.47
308.653	-1.35
308.921	-1.38
309.189	-1.32
309.457	-1.34
309.724	-1.32
309.992	-2.34
310.26	16.69
310.528	-10.54
310.796	-2.95
311.064	-1.47
311.332	-1.32
311.6	-1.34
311.868	-1.29
312.136	-1.31
312.404	-1.24
312.672	-2.26
312.939	16.73
313.207	-10.45
313.475	-2.87
313.743	-1.42
314.011	-1.33
314.279	-1.39
314.546	-1.34
314.814	-1.38
315.082	-1.39
315.35	-2.41
315.618	16.59
315.885	-10.65
316.153	-3.03
316.421	-1.52
316.689	-1.32
316.956	-1.3
317.224	-1.29
317.492	-1.29
317.759	-1.2
318.027	-2.16
318.295	16.87
318.563	-10.31
318.83	-2.62
319.098	-1.18
319.366	-1.12
319.633	-1.1
319.901	-1.02
320.169	-1.03
320.436	-1.05
320.704	-2.15
320.971	16.81
321.239	-10.35
321.507	-2.75
321.774	-1.32
322.042	-1.13
322.309	-1.03
322.577	-1.04
322.844	-1.08
323.112	-1.07
323.38	-2.14
323.647	16.96
323.915	-10.18
324.182	-2.59
324.45	-1.13
324.717	-1.01
324.985	-1.06
325.252	-1.08
325.52	-1.09
325.787	-1.06
326.054	-2.05
326.322	17.05
326.589	-10.13
326.857	-2.57
327.124	-1.1
327.392	-0.92
327.659	-0.87
327.926	-0.85
328.194	-0.81
328.461	-0.76
328.729	-1.78
328.996	17.25
329.263	-9.91
329.531	-2.32
329.798	-0.78
330.065	-0.63
330.333	-0.62
330.6	-0.63
330.867	-0.59
331.135	-0.53
331.402	-1.55
331.669	17.5
331.936	-9.59
332.204	-1.94
332.471	-0.46
332.738	-0.32
333.005	-0.32
333.273	-0.25
333.54	-0.22
333.807	-0.12
334.074	-1.12
334.341	17.88
334.609	-9.32
334.876	-1.77
335.143	-0.34
335.41	-0.2
335.677	-0.22
335.944	-0.17
336.212	-0.18
336.479	-0.17
336.746	-1.26
337.013	17.74
337.28	-9.37
337.547	-1.74
337.814	-0.24
338.081	-0.1
338.348	-0.04
338.616	0.01
338.883	0.04
339.15	0.05
339.417	-0.88
339.684	18.14
339.951	-9.06
340.218	-1.46
340.485	0.03
340.752	0.22
341.019	0.28
341.286	0.3
341.553	0.31
341.82	0.36
342.087	-0.67
342.354	18.27
342.62	-8.81
342.887	-1.24
343.154	0.26
343.421	0.38
343.688	0.33
343.955	0.37
344.222	0.31
344.489	0.31
344.756	-0.7
345.023	18.36
345.289	-8.74
345.556	-1.16
345.823	0.4
346.09	0.52
346.357	0.55
346.624	0.66
346.89	0.66
347.157	0.7
347.424	-0.24
347.691	18.7
347.958	-8.43
348.224	-0.79
348.491	0.7
348.758	0.84
349.025	0.84
349.291	0.89
349.558	0.87
349.825	0.9
350.091	-0.06
350.358	18.93
350.625	-8.12
350.891	-0.46
351.158	0.99
351.425	1.17
351.691	1.16
351.958	1.22
352.225	1.26
352.491	1.28
352.758	0.28
353.025	19.25
353.291	-7.88
353.558	-0.29
353.824	1.12
354.091	1.23
354.358	1.2
354.624	1.25
354.891	1.25
355.157	1.29
355.424	0.25
355.69	19.16
355.957	-7.91
356.223	-0.28
356.49	1.16
356.756	1.34
357.023	1.39
357.289	1.42
357.556	1.42
357.822	1.42
358.089	0.36
358.355	19.38
358.622	-7.69
358.888	-0.1
359.154	1.34
359.421	1.49
359.687	1.51
359.954	1.53
360.22	1.52
360.486	1.54
360.753	0.58
361.019	19.55
361.286	-7.51
361.552	0.13
361.818	1.6
362.085	1.78
362.351	1.79
362.617	1.79
362.884	1.76
363.15	1.79
363.416	0.8
363.682	19.75
363.949	-7.29
364.215	0.29
364.481	1.71
364.747	1.84
365.014	1.81
365.28	1.87
365.546	1.88
365.812	1.92
366.079	0.92
366.345	19.88
366.611	-7.14
366.877	0.45
367.143	1.88
367.409	2.06
367.676	2.08
367.942	2.09
368.208	2.09
368.474	2.11
368.74	1.12
369.006	20.14
369.272	-6.86
369.538	0.68
369.805	2.1
370.071	2.24
370.337	2.22
370.603	2.22
370.869	2.23
371.135	2.22
371.401	1.15
371.667	20.09
371.933	-6.93
372.199	0.57
372.465	2.02
372.731	2.13
372.997	2.15
373.263	2.18
373.529	2.19
373.795	2.26
374.061	1.25
374.327	20.31
374.593	-6.7
374.859	0.84
375.125	2.33
375.39	2.5
375.656	2.56
375.922	2.59
376.188	2.6
376.454	2.64
376.72	1.6
376.986	20.51
377.252	-6.6
377.517	0.93
377.783	2.36
378.049	2.45
378.315	2.43
378.581	2.44
378.847	2.44
379.112	2.43
379.378	1.4
379.644	20.29
379.91	-6.7
380.175	0.84
380.441	2.31
380.707	2.46
380.973	2.45
381.238	2.4
381.504	2.36
381.77	2.36
382.036	1.34
382.301	20.27
382.567	-6.76
382.833	0.79
383.098	2.25
383.364	2.32
383.63	2.31
383.895	2.32
384.161	2.39
384.427	2.38
384.692	1.35
384.958	20.29
385.223	-6.76
385.489	0.81
385.755	2.28
386.02	2.43
386.286	2.43
386.551	2.41
386.817	2.38
387.082	2.38
387.348	1.37
387.613	20.27
387.879	-6.74
388.144	0.76
388.41	2.21
388.675	2.33
388.941	2.26
389.206	2.28
389.472	2.24
389.737	2.33
390.003	1.3
390.268	20.27
390.534	-6.73
390.799	0.77
391.064	2.26
391.33	2.31
391.595	2.25
391.861	2.31
392.126	2.35
392.391	2.41
392.657	1.34
392.922	20.24
393.188	-6.84
393.453	0.68
393.718	2.12
393.984	2.29
394.249	2.31
394.514	2.34
394.779	2.31
395.045	2.28
395.31	1.27
395.575	20.15
395.841	-6.82
396.106	0.71
396.371	2.14
396.636	2.3
396.902	2.25
397.167	2.29
397.432	2.29
397.697	2.26
397.962	1.19
398.228	20.05
398.493	-6.94
398.758	0.54
399.023	2
399.288	2.17
399.553	2.09
399.819	2.07
400.084	2.05
400.349	2.04
400.614	1.08
400.879	19.97
401.144	-7
401.409	0.49
401.674	1.91
401.939	2.01
402.204	1.93
402.469	1.97
402.734	1.94
403	1.92
403.265	0.89
403.53	19.73
403.795	-7.24
404.06	0.27
404.325	1.74
404.59	1.84
404.855	1.84
405.12	1.87
405.384	1.81
405.649	1.78
405.914	0.73
406.179	19.56
406.444	-7.37
406.709	0.15
406.974	1.54
407.239	1.64
407.504	1.65
407.769	1.64
408.034	1.65
408.299	1.73
408.563	0.73
408.828	19.65
409.093	-7.3
409.358	0.17
409.623	1.59
409.888	1.75
410.152	1.74
410.417	1.72
410.682	1.71
410.947	1.65
411.212	0.62
411.476	19.48
411.741	-7.53
412.006	-0.01
412.271	1.45
412.535	1.55
412.8	1.47
413.065	1.49
413.329	1.5
413.594	1.45
413.859	0.41
414.124	19.2
414.388	-7.74
414.653	-0.23
414.918	1.18
415.182	1.2
415.447	1.18
415.711	1.23
415.976	1.16
416.241	1.12
416.505	0.11
416.77	19
417.034	-7.89
417.299	-0.38
417.564	1.06
417.828	1.12
418.093	1.16
418.357	1.19
418.622	1.13
418.886	1.17
419.151	0.15
419.415	18.99
419.68	-7.92
419.944	-0.44
420.209	0.96
420.473	1.08
420.738	1.08
421.002	1.06
421.267	1.02
421.531	1.05
421.796	-0.05
422.06	18.82
422.325	-8.1
422.589	-0.66
422.853	0.75
423.118	0.8
423.382	0.77
423.646	0.8
423.911	0.8
424.175	0.8
424.44	-0.29
424.704	18.56
424.968	-8.38
425.233	-0.89
425.497	0.56
425.761	0.65
426.026	0.64
426.29	0.62
426.554	0.61
426.818	0.59
427.083	-0.52
427.347	18.35
427.611	-8.56
427.875	-1.08
428.14	0.32
428.404	0.4
428.668	0.43
428.932	0.46
429.197	0.44
429.461	0.43
429.725	-0.6
429.989	18.35
430.253	-8.55
430.517	-1.08
430.782	0.31
431.046	0.41
431.31	0.38
431.574	0.34
431.838	0.32
432.102	0.34
432.366	-0.72
432.63	18.17
432.894	-8.78
433.159	-1.28
433.423	0.11
433.687	0.29
433.951	0.24
434.215	0.25
434.479	0.25
434.743	0.24
435.007	-0.78
435.271	18.11
435.535	-8.8
435.799	-1.35
436.063	0.06
436.327	0.24
436.591	0.22
436.855	0.29
437.119	0.3
437.383	0.32
437.646	-0.65
437.91	18.18
438.174	-8.77
438.438	-1.3
438.702	0.12
438.966	0.21
439.23	0.15
439.494	0.13
439.758	0.07
440.021	0.03
440.285	-1.03
440.549	17.73
440.813	-9.21
441.077	-1.76
441.341	-0.37
441.604	-0.21
441.868	-0.2
442.132	-0.2
442.396	-0.26
442.66	-0.28
442.923	-1.31
443.187	17.57
443.451	-9.33
443.715	-1.83
443.978	-0.36
444.242	-0.26
444.506	-0.25
444.769	-0.23
445.033	-0.21
445.297	-0.16
445.56	-1.19
445.824	17.61
446.088	-9.3
446.351	-1.77
446.615	-0.31
446.879	-0.2
447.142	-0.2
447.406	-0.25
447.669	-0.35
447.933	-0.38
448.197	-1.4
448.46	17.46
448.724	-9.37
448.987	-1.92
449.251	-0.53
449.515	-0.41
449.778	-0.45
450.042	-0.42
450.305	-0.4
450.569	-0.37
450.832	-1.36
451.096	17.45
451.359	-9.39
451.623	-1.95
451.886	-0.46
452.15	-0.28
452.413	-0.35
452.676	-0.32
452.94	-0.36
453.203	-0.37
453.467	-1.33
453.73	17.48
453.994	-9.39
454.257	-1.94
454.52	-0.47
454.784	-0.38
455.047	-0.4
455.31	-0.34
455.574	-0.33
455.837	-0.33
456.1	-1.3
456.364	17.51
456.627	-9.29
456.89	-1.77
457.154	-0.33
457.417	-0.23
457.68	-0.29
457.944	-0.34
458.207	-0.38
458.47	-0.43
458.733	-1.45
458.997	17.28
459.26	-9.61
459.523	-2.22
459.786	-0.84
460.049	-0.73
460.313	-0.72
460.576	-0.63
460.839	-0.63
461.102	-0.59
461.365	-1.58
461.628	17.21
461.892	-9.55
462.155	-2.06
462.418	-0.64
462.681	-0.51
462.944	-0.5
463.207	-0.45
463.47	-0.51
463.733	-0.45
463.996	-1.48
464.26	17.38
464.523	-9.39
464.786	-1.92
465.049	-0.42
465.312	-0.22
465.575	-0.23
465.838	-0.23
466.101	-0.25
466.364	-0.23
466.627	-1.28
466.89	17.51
467.153	-9.29
467.416	-1.84
467.679	-0.46
467.942	-0.39
468.205	-0.43
468.467	-0.42
468.73	-0.45
468.993	-0.42
469.256	-1.45
469.519	17.34
469.782	-9.45
470.045	-2.05
470.308	-0.57
470.571	-0.4
470.834	-0.38
471.096	-0.36
471.359	-0.32
471.622	-0.28
471.885	-1.31
472.148	17.49
472.41	-9.29
472.673	-1.85
472.936	-0.45
473.199	-0.36
473.462	-0.39
473.724	-0.39
473.987	-0.38
474.25	-0.43
474.513	-1.43
474.775	17.34
475.038	-9.43
475.301	-1.99
475.563	-0.52
475.826	-0.32
476.089	-0.3
476.352	-0.32
476.614	-0.3
476.877	-0.27
477.139	-1.24
477.402	17.52
477.665	-9.23
477.927	-1.8
478.19	-0.33
478.453	-0.24
478.715	-0.27
478.978	-0.24
479.24	-0.21
479.503	-0.18
479.766	-1.15
480.028	17.66
480.291	-9.09
480.553	-1.7
480.816	-0.24
481.078	-0.11
481.341	-0.09
481.603	-0.05
481.866	-0.1
482.128	-0.09
482.391	-1.08
482.653	17.66
482.916	-9.1
483.178	-1.59
483.441	-0.06
483.703	0.08
483.965	0.1
484.228	0.16
484.49	0.17
484.753	0.22
485.015	-0.74
485.277	18
485.54	-8.75
485.802	-1.29
486.065	0.1
486.327	0.2
486.589	0.2
486.852	0.21
487.114	0.19
487.376	0.18
487.638	-0.82
487.901	17.89
488.163	-8.85
488.425	-1.45
488.688	-0.07
488.95	0.06
489.212	0.11
489.474	0.15
489.737	0.15
489.999	0.13
490.261	-0.83
490.523	17.96
490.786	-8.76
491.048	-1.27
491.31	0.2
491.572	0.31
491.834	0.33
492.096	0.34
492.359	0.37
492.621	0.36
492.883	-0.58
493.145	18.2
493.407	-8.52
493.669	-1.06
493.931	0.33
494.193	0.44
494.455	0.45
494.718	0.52
494.98	0.53
495.242	0.48
495.504	-0.49
495.766	18.29
496.028	-8.43
496.29	-1.07
496.552	0.36
496.814	0.47
497.076	0.46
497.338	0.51
497.6	0.49
497.862	0.53
498.124	-0.47
498.386	18.34
498.648	-8.43
498.91	-1.04
499.172	0.4
499.433	0.52
499.695	0.55
499.957	0.65
500.219	0.65
500.481	0.65
500.743	-0.4
501.005	18.37
501.267	-8.4
501.529	-0.95
501.79	0.53
502.052	0.71
502.314	0.76
502.576	0.8
502.838	0.8
503.099	0.86
503.361	-0.08
503.623	18.67
503.885	-8.03
504.147	-0.62
504.408	0.83
504.67	0.96
504.932	0.94
505.194	0.94
505.455	0.91
505.717	0.94
505.979	-0.09
506.24	18.57
506.502	-8.12
506.764	-0.7
507.025	0.74
507.287	0.82
507.549	0.78
507.81	0.82
508.072	0.79
508.334	0.83
508.595	-0.23
508.857	18.52
509.119	-8.16
509.38	-0.7
509.642	0.73
509.903	0.89
510.165	0.92
510.426	0.97
510.688	1.01
510.949	1.09
511.211	0.06
511.473	18.83
511.734	-7.79
511.996	-0.31
512.257	1.15
512.519	1.32
512.78	1.3
513.042	1.32
513.303	1.26
513.564	1.23
513.826	0.19
514.087	18.97
514.349	-7.71
514.61	-0.36
514.872	1.03
515.133	1.1
515.394	1.06
515.656	1.12
515.917	1.11
516.179	1.16
516.44	0.15
516.701	18.92
516.963	-7.8
517.224	-0.4
517.485	1.06
517.747	1.2
518.008	1.23
518.269	1.23
518.53	1.2
518.792	1.21
519.053	0.24
519.314	19.04
519.576	-7.65
519.837	-0.2
520.098	1.23
520.359	1.31
520.62	1.29
520.882	1.26
521.143	1.28
521.404	1.32
521.665	0.34
521.926	19.08
522.188	-7.56
522.449	-0.13
522.71	1.35
522.971	1.48
523.232	1.46
523.493	1.51
523.755	1.51
524.016	1.53
524.277	0.51
524.538	19.25
524.799	-7.45
525.06	-0.18
525.321	1.22
525.582	1.31
525.843	1.29
526.104	1.38
526.365	1.3
526.626	1.31
526.887	0.3
527.148	19.07
527.409	-7.57
527.67	-0.16
527.931	1.32
528.192	1.4
528.453	1.35
528.714	1.41
528.975	1.4
529.236	1.45
529.497	0.46
529.758	19.18
530.019	-7.5
530.28	-0.18
530.541	1.23
530.801	1.37
531.062	1.39
531.323	1.43
531.584	1.43
531.845	1.4
532.106	0.4
532.367	19.16
532.627	-7.46
532.888	-0.03
533.149	1.48
533.41	1.67
533.671	1.66
533.931	1.72
534.192	1.73
534.453	1.71
534.714	0.75
534.974	19.46
535.235	-7.25
535.496	0.14
535.757	1.53
536.017	1.57
536.278	1.47
536.539	1.5
536.799	1.45
537.06	1.43
537.321	0.44
537.581	19.14
537.842	-7.5
538.103	-0.1
538.363	1.33
538.624	1.46
538.885	1.48
539.145	1.58
539.406	1.58
539.666	1.58
539.927	0.58
540.188	19.31
540.448	-7.31
540.709	0.08
540.969	1.54
541.23	1.67
541.49	1.7
541.751	1.75
542.011	1.69
542.272	1.67
542.532	0.69
542.793	19.37
543.053	-7.25
543.314	0.16
543.574	1.54
543.835	1.66
544.095	1.61
544.356	1.57
544.616	1.51
544.876	1.51
545.137	0.54
545.397	19.22
545.658	-7.36
545.918	-0.02
546.178	1.37
546.439	1.51
546.699	1.52
546.959	1.58
547.22	1.55
547.48	1.52
547.74	0.5
548.001	19.24
548.261	-7.39
548.521	0.01
548.782	1.45
549.042	1.57
549.302	1.63
549.562	1.62
549.823	1.55
550.083	1.61
550.343	0.65
550.603	19.38
550.864	-7.32
551.124	0.1
551.384	1.49
551.644	1.6
551.904	1.6
552.165	1.57
552.425	1.52
552.685	1.58
552.945	0.57
553.205	19.31
553.465	-7.37
553.725	0.02
553.986	1.45
554.246	1.62
554.506	1.57
554.766	1.51
555.026	1.45
555.286	1.46
555.546	0.4
555.806	19.1
556.066	-7.53
556.326	-0.08
556.586	1.34
556.846	1.46
557.106	1.37
557.366	1.38
557.626	1.39
557.886	1.45
558.146	0.47
558.406	19.2
558.666	-7.42
558.926	-0.07
559.186	1.31
559.446	1.42
559.706	1.33
559.966	1.34
560.226	1.35
560.486	1.38
560.746	0.38
561.005	19.02
561.265	-7.58
561.525	-0.18
561.785	1.26
562.045	1.39
562.305	1.4
562.564	1.48
562.824	1.45
563.084	1.43
563.344	0.42
563.604	19.07
563.863	-7.48
564.123	-0.18
564.383	1.21
564.643	1.28
564.903	1.25
565.162	1.26
565.422	1.21
565.682	1.25
565.941	0.29
566.201	18.99
566.461	-7.56
566.721	-0.16
566.98	1.35
567.24	1.45
567.5	1.48
567.759	1.48
568.019	1.49
568.278	1.48
568.538	0.47
568.798	19.13
569.057	-7.49
569.317	-0.16
569.577	1.18
569.836	1.22
570.096	1.28
570.355	1.28
570.615	1.26
570.874	1.25
571.134	0.23
571.393	18.95
571.653	-7.67
571.912	-0.33
572.172	1.07
572.431	1.21
572.691	1.23
572.95	1.18
573.21	1.17
573.469	1.21
573.729	0.19
573.988	18.87
574.248	-7.74
574.507	-0.35
574.767	1.08
575.026	1.23
575.285	1.26
575.545	1.28
575.804	1.27
576.063	1.26
576.323	0.2
576.582	18.88
576.842	-7.66
577.101	-0.3
577.36	1.18
577.62	1.32
577.879	1.27
578.138	1.27
578.397	1.23
578.657	1.28
578.916	0.28
579.175	18.95
579.435	-7.64
579.694	-0.28
579.953	1.14
580.212	1.19
580.471	1.17
580.731	1.23
580.99	1.2
581.249	1.18
581.508	0.19
581.767	18.89
582.027	-7.66
582.286	-0.29
582.545	1.15
582.804	1.27
583.063	1.32
583.322	1.3
583.581	1.26
583.841	1.3
584.1	0.36
584.359	18.97
584.618	-7.55
584.877	-0.2
585.136	1.19
585.395	1.3
585.654	1.3
585.913	1.28
586.172	1.29
586.431	1.29
586.69	0.23
586.949	18.88
587.208	-7.64
587.467	-0.38
587.726	1.05
587.985	1.23
588.244	1.24
588.503	1.24
588.762	1.21
589.021	1.26
589.28	0.29
589.539	19.05
589.798	-7.48
590.057	-0.17
590.316	1.28
590.574	1.39
590.833	1.37
591.092	1.33
591.351	1.29
591.61	1.3
591.869	0.28
592.128	18.89
592.386	-7.7
592.645	-0.38
592.904	1.08
593.163	1.19
593.422	1.16
593.68	1.16
593.939	1.15
594.198	1.15
594.457	0.14
594.715	18.81
594.974	-7.69
595.233	-0.38
595.492	1.03
595.75	1.11
596.009	1.09
596.268	1.18
596.526	1.15
596.785	1.19
597.044	0.21
597.302	18.85
597.561	-7.7
597.82	-0.38
598.078	1.06
598.337	1.11
598.595	1.1
598.854	1.05
599.113	1.02
599.371	1
599.63	-0.05
599.888	18.62
600.147	-7.88
600.405	-0.56
600.664	0.84
600.923	0.96
601.181	1.07
601.44	1.12
601.698	1.18
601.957	1.12
602.215	0.18
602.474	18.91
602.732	-7.61
602.99	-0.27
603.249	1.12
603.507	1.23
603.766	1.22
604.024	1.24
604.283	1.23
604.541	1.29
604.799	0.39
605.058	19.02
605.316	-7.53
605.575	-0.21
605.833	1.22
606.091	1.38
606.35	1.41
606.608	1.43
606.866	1.39
607.125	1.4
607.383	0.32
607.641	18.91
607.9	-7.61
608.158	-0.3
608.416	1.11
608.674	1.19
608.933	1.17
609.191	1.16
609.449	1.12
609.707	1.09
609.966	0.06
610.224	18.73
610.482	-7.79
610.74	-0.52
610.998	0.88
611.257	1.03
611.515	1.02
611.773	1
612.031	0.99
612.289	1.02
612.547	0.06
612.806	18.7
613.064	-7.83
613.322	-0.48
613.58	1.02
613.838	1.22
614.096	1.25
614.354	1.26
614.612	1.28
614.87	1.3
615.128	0.32
615.386	18.95
615.644	-7.6
615.902	-0.29
616.16	1.1
616.418	1.18
616.676	1.18
616.934	1.19
617.192	1.17
617.45	1.19
617.708	0.19
617.966	18.82
618.224	-7.69
618.482	-0.35
618.74	1.06
618.998	1.25
619.256	1.22
619.514	1.17
619.772	1.09
620.03	1.11
620.287	0.05
620.545	18.63
620.803	-7.81
621.061	-0.44
621.319	0.96
621.577	1.05
621.834	1.02
622.092	1.09
622.35	1.04
622.608	1.06
622.866	0.07
623.123	18.73
623.381	-7.73
623.639	-0.46
623.897	0.87
624.154	1.02
624.412	1.07
624.67	1.06
624.928	0.97
625.185	1.04
625.443	0.07
625.701	18.74
625.958	-7.74
626.216	-0.42
626.474	0.97
626.731	1.12
626.989	1.07
627.247	1.06
627.504	1.05
627.762	1.12
628.02	0.1
628.277	18.69
628.535	-7.87
628.792	-0.56
629.05	0.85
629.307	0.94
629.565	0.94
629.823	1
630.08	1.04
630.338	1.08
630.595	0.05
630.853	18.61
631.11	-7.9
631.368	-0.58
631.625	0.84
631.883	1
632.14	1.06
632.397	1.05
632.655	1.03
632.912	0.99
633.17	-0.03
633.427	18.56
633.685	-7.86
633.942	-0.51
634.199	0.91
634.457	1
634.714	0.95
634.972	0.88
635.229	0.88
635.486	0.93
635.744	-0.05
636.001	18.54
636.258	-7.95
636.516	-0.63
636.773	0.78
637.03	0.9
637.288	0.9
637.545	0.95
637.802	0.99
638.059	0.99
638.317	-0.02
638.574	18.62
638.831	-7.81
639.088	-0.45
639.346	0.96
639.603	1.04
639.86	1.05
640.117	1.05
640.374	1.02
640.631	1.03
640.889	0.05
641.146	18.69
641.403	-7.79
641.66	-0.49
641.917	0.91
642.174	1.04
642.431	1.08
642.689	1.03
642.946	1.05
643.203	1.03
643.46	0.06
643.717	18.67
643.974	-7.84
644.231	-0.57
644.488	0.8
644.745	0.91
645.002	0.85
645.259	0.84
645.516	0.9
645.773	0.94
646.03	-0.01
646.287	18.59
646.544	-7.91
646.801	-0.58
647.058	0.88
647.315	1.03
647.572	1.05
647.829	1.09
648.086	1.09
648.343	1.02
648.6	-0.02
648.856	18.57
649.113	-7.9
649.37	-0.56
649.627	0.81
649.884	0.91
650.141	0.9
650.398	0.9
650.654	0.88
650.911	0.94
651.168	0.04
651.425	18.65
651.682	-7.84
651.938	-0.55
652.195	0.81
652.452	0.91
652.709	0.89
652.965	0.91
653.222	0.93
653.479	0.98
653.736	-0.01
653.992	18.57
654.249	-7.92
654.506	-0.63
654.762	0.8
655.019	0.94
655.276	0.95
655.532	0.94
655.789	0.88
656.046	0.89
656.302	-0.09
656.559	18.44
656.816	-8.02
657.072	-0.67
657.329	0.79
657.585	0.94
657.842	0.91
658.099	0.9
658.355	0.89
658.612	0.94
658.868	-0.05
659.125	18.51
659.381	-7.86
659.638	-0.54
659.894	0.86
660.151	0.98
660.407	0.97
660.664	0.99
660.92	0.99
661.177	1.03
661.433	0.06
661.69	18.64
661.946	-7.8
662.203	-0.55
662.459	0.78
662.715	0.91
662.972	0.87
663.228	0.84
663.485	0.88
663.741	0.93
663.997	-0.08
664.254	18.51
664.51	-7.94
664.766	-0.65
665.023	0.75
665.279	0.91
665.535	0.85
665.792	0.87
666.048	0.89
666.304	0.84
666.56	-0.19
666.817	18.41
667.073	-8.01
667.329	-0.74
667.586	0.65
667.842	0.8
668.098	0.83
668.354	0.94
668.61	0.9
668.867	0.92
669.123	-0.03
669.379	18.6
669.635	-7.86
669.891	-0.61
670.147	0.83
670.404	1
670.66	1
670.916	1
671.172	0.94
671.428	0.99
671.684	-0.01
671.94	18.54
672.196	-7.93
672.452	-0.58
672.708	0.83
672.965	0.96
673.221	0.93
673.477	0.97
673.733	0.94
673.989	0.95
674.245	-0.07
674.501	18.56
674.757	-7.86
675.013	-0.58
675.269	0.81
675.525	0.96
675.781	0.89
676.037	0.9
676.292	0.8
676.548	0.81
676.804	-0.16
677.06	18.54
677.316	-7.91
677.572	-0.63
677.828	0.81
678.084	0.92
678.34	0.92
678.596	0.99
678.851	0.97
679.107	1
679.363	0.02
679.619	18.58
679.875	-7.91
680.131	-0.61
680.386	0.77
680.642	0.89
680.898	0.92
681.154	0.91
681.409	0.83
681.665	0.83
681.921	-0.16
682.177	18.42
682.432	-8.01
682.688	-0.73
682.944	0.67
683.199	0.8
683.455	0.78
683.711	0.82
683.967	0.76
684.222	0.83
684.478	-0.17
684.734	18.43
684.989	-7.99
685.245	-0.69
685.5	0.74
685.756	0.87
686.012	0.87
686.267	0.85
686.523	0.78
686.778	0.85
687.034	-0.15
687.289	18.42
687.545	-8
687.801	-0.71
688.056	0.7
688.312	0.83
688.567	0.84
688.823	0.88
689.078	0.9
689.334	0.94
689.589	-0.08
689.845	18.51
690.1	-7.88
690.355	-0.55
690.611	0.87
690.866	0.96
691.122	0.9
691.377	0.87
691.633	0.83
691.888	0.84
692.143	-0.21
692.399	18.41
692.654	-8.02
692.909	-0.74
693.165	0.65
693.42	0.73
693.675	0.75
693.931	0.75
694.186	0.74
694.441	0.74
694.697	-0.29
694.952	18.3
695.207	-8.15
695.463	-0.81
695.718	0.57
695.973	0.66
696.228	0.68
696.484	0.69
696.739	0.7
696.994	0.7
697.249	-0.3
697.504	18.27
697.76	-8.14
698.015	-0.89
698.27	0.48
698.525	0.62
698.78	0.59
699.035	0.61
699.291	0.57
699.546	0.61
699.801	-0.31
700.056	18.33
700.311	-8.04
700.566	-0.71
700.821	0.72
701.076	0.79
701.331	0.79
701.586	0.84
701.841	0.82
702.096	0.87
702.351	-0.17
702.606	18.33
702.862	-8.06
703.117	-0.79
703.372	0.62
703.626	0.74
703.881	0.8
704.136	0.81
704.391	0.83
704.646	0.87
704.901	-0.16
705.156	18.4
705.411	-8
705.666	-0.79
705.921	0.6
706.176	0.7
706.431	0.7
706.686	0.66
706.94	0.64
707.195	0.6
707.45	-0.41
707.705	18.19
707.96	-8.2
708.215	-0.89
708.469	0.56
708.724	0.68
708.979	0.71
709.234	0.77
709.489	0.8
709.743	0.86
709.998	-0.13
710.253	18.49
710.508	-7.97
710.762	-0.68
711.017	0.69
711.272	0.79
711.527	0.75
711.781	0.82
712.036	0.77
712.291	0.73
712.545	-0.29
712.8	18.29
713.055	-8.16
713.309	-0.84
713.564	0.51
713.818	0.64
714.073	0.65
714.328	0.7
714.582	0.61
714.837	0.62
715.091	-0.31
715.346	18.28
715.601	-8.14
715.855	-0.87
716.11	0.53
716.364	0.71
716.619	0.68
716.873	0.7
717.128	0.72
717.382	0.74
717.637	-0.27
717.891	18.3
718.146	-8.15
718.4	-0.84
718.655	0.6
718.909	0.7
719.164	0.7
719.418	0.81
719.672	0.8
719.927	0.8
720.181	-0.15
720.436	18.51
720.69	-7.88
720.944	-0.58
721.199	0.8
721.453	0.92
721.707	0.9
721.962	0.85
722.216	0.7
722.47	0.67
722.725	-0.3
722.979	18.28
723.233	-8.2
723.488	-0.95
723.742	0.51
723.996	0.62
724.25	0.57
724.505	0.63
724.759	0.61
725.013	0.68
725.267	-0.31
725.522	18.25
725.776	-8.2
726.03	-0.91
726.284	0.49
726.538	0.56
726.792	0.56
727.047	0.56
727.301	0.51
727.555	0.58
727.809	-0.42
728.063	18.2
728.317	-8.22
728.571	-0.96
728.825	0.47
729.08	0.65
729.334	0.67
729.588	0.67
729.842	0.68
730.096	0.7
730.35	-0.32
730.604	18.26
730.858	-8.13
731.112	-0.83
731.366	0.57
731.62	0.6
731.874	0.58
732.128	0.59
732.382	0.6
732.636	0.6
732.89	-0.38
733.144	18.17
733.398	-8.25
733.652	-1
733.905	0.41
734.159	0.56
734.413	0.63
734.667	0.61
734.921	0.57
735.175	0.59
735.429	-0.37
735.683	18.2
735.936	-8.19
736.19	-0.91
736.444	0.48
736.698	0.55
736.952	0.51
737.205	0.48
737.459	0.49
737.713	0.53
737.967	-0.45
738.221	18.13
738.474	-8.28
738.728	-0.99
738.982	0.37
739.236	0.52
739.489	0.52
739.743	0.57
739.997	0.6
740.25	0.54
740.504	-0.46
740.758	18.11
741.011	-8.29
741.265	-1
741.519	0.42
741.772	0.59
742.026	0.61
742.28	0.65
742.533	0.66
742.787	0.66
743.04	-0.26
743.294	18.36
743.547	-8.06
743.801	-0.75
744.055	0.67
744.308	0.8
744.562	0.78
744.815	0.76
745.069	0.77
745.322	0.69
745.576	-0.31
745.829	18.27
746.083	-8.16
746.336	-0.9
746.59	0.5
746.843	0.59
747.097	0.58
747.35	0.63
747.603	0.61
747.857	0.6
748.11	-0.35
748.364	18.26
748.617	-8.17
748.87	-0.95
749.124	0.47
749.377	0.59
749.63	0.59
749.884	0.58
750.137	0.62
750.39	0.67
750.644	-0.29
750.897	18.26
751.15	-8.16
751.404	-0.83
751.657	0.59
751.91	0.66
752.164	0.62
752.417	0.61
752.67	0.59
752.923	0.56
753.176	-0.43
753.43	18.11
753.683	-8.22
753.936	-0.95
754.189	0.42
754.442	0.58
754.696	0.61
754.949	0.63
755.202	0.65
755.455	0.66
755.708	-0.33
755.961	18.21
756.214	-8.14
756.468	-0.9
756.721	0.52
756.974	0.64
757.227	0.64
757.48	0.66
757.733	0.64
757.986	0.63
758.239	-0.32
758.492	18.2
758.745	-8.18
758.998	-0.96
759.251	0.44
759.504	0.55
759.757	0.47
760.01	0.47
760.263	0.41
760.516	0.39
760.769	-0.59
761.022	18.01
761.275	-8.34
761.528	-1.08
761.781	0.35
762.034	0.48
762.287	0.42
762.54	0.47
762.792	0.47
763.045	0.51
763.298	-0.44
763.551	18.13
763.804	-8.28
764.057	-1.01
764.31	0.38
764.562	0.52
764.815	0.48
765.068	0.48
765.321	0.45
765.574	0.44
765.826	-0.51
766.079	18.06
766.332	-8.32
766.585	-1.06
766.837	0.33
767.09	0.49
767.343	0.48
767.595	0.5
767.848	0.51
768.101	0.56
768.354	-0.42
768.606	18.12
768.859	-8.24
769.112	-0.94
769.364	0.44
769.617	0.58
769.869	0.56
770.122	0.58
770.375	0.57
770.627	0.6
770.88	-0.4
771.132	18.19
771.385	-8.24
771.638	-1.03
771.89	0.34
772.143	0.46
772.395	0.41
772.648	0.39
772.9	0.32
773.153	0.36
773.405	-0.61
773.658	17.96
773.91	-8.45
774.163	-1.14
774.415	0.32
774.668	0.44
774.92	0.46
775.173	0.5
775.425	0.54
775.677	0.57
775.93	-0.42
776.182	18.17
776.435	-8.21
776.687	-0.91
776.939	0.49
777.192	0.6
777.444	0.6
777.696	0.57
777.949	0.5
778.201	0.47
778.453	-0.5
778.706	18.03
778.958	-8.38
779.21	-1.16
779.463	0.2
779.715	0.32
779.967	0.33
780.219	0.36
780.472	0.38
780.724	0.43
780.976	-0.52
781.228	18.06
781.481	-8.36
781.733	-1.13
781.985	0.33
782.237	0.51
782.489	0.48
782.741	0.51
782.994	0.53
783.246	0.54
783.498	-0.45
783.75	18.09
784.002	-8.29
784.254	-0.99
784.506	0.43
784.758	0.51
785.011	0.44
785.263	0.42
785.515	0.38
785.767	0.35
786.019	-0.62
786.271	17.98
786.523	-8.39
786.775	-1.14
787.027	0.24
787.279	0.34
787.531	0.36
787.783	0.42
788.035	0.47
788.287	0.49
788.539	-0.47
788.791	18.11
789.043	-8.3
789.295	-1.05
789.546	0.39
789.798	0.54
790.05	0.65
790.302	0.67
790.554	0.62
790.806	0.62
791.058	-0.37
791.31	18.17
791.561	-8.25
791.813	-0.98
792.065	0.43
792.317	0.52
792.569	0.52
792.821	0.46
793.072	0.45
793.324	0.52
793.576	-0.44
793.828	18.16
794.079	-8.23
794.331	-0.92
794.583	0.51
794.835	0.63
795.086	0.6
795.338	0.59
795.59	0.61
795.841	0.61
796.093	-0.43
796.345	18.11
796.596	-8.37
796.848	-1.08
797.1	0.29
797.351	0.4
797.603	0.37
797.855	0.41
798.106	0.39
798.358	0.41
798.609	-0.62
798.861	17.98
799.113	-8.39
799.364	-1.11
799.616	0.3
799.867	0.44
800.119	0.41
800.37	0.45
800.622	0.43
800.873	0.45
801.125	-0.6
801.376	17.99
801.628	-8.4
801.879	-1.14
802.131	0.28
802.382	0.39
802.634	0.33
802.885	0.37
803.137	0.37
803.388	0.41
803.639	-0.56
803.891	18.05
804.142	-8.34
804.394	-1.06
804.645	0.36
804.896	0.51
805.148	0.51
805.399	0.54
805.65	0.48
805.902	0.5
806.153	-0.47
806.404	18.08
806.656	-8.31
806.907	-1.05
807.158	0.33
807.409	0.38
807.661	0.33
807.912	0.33
808.163	0.34
808.414	0.37
808.666	-0.62
808.917	17.9
809.168	-8.5
809.419	-1.23
809.67	0.18
809.922	0.28
810.173	0.39
810.424	0.44
810.675	0.4
810.926	0.41
811.177	-0.56
811.428	17.94
811.68	-8.37
811.931	-1.06
812.182	0.33
812.433	0.48
812.684	0.5
812.935	0.52
813.186	0.49
813.437	0.58
813.688	-0.44
813.939	18.13
814.19	-8.22
814.441	-1.01
814.692	0.38
814.943	0.48
815.194	0.44
815.445	0.41
815.696	0.34
815.947	0.38
816.198	-0.65
816.449	17.91
816.7	-8.48
816.951	-1.2
817.202	0.23
817.453	0.39
817.704	0.4
817.954	0.5
818.205	0.51
818.456	0.53
818.707	-0.44
818.958	18.12
819.209	-8.22
819.46	-0.93
819.71	0.5
819.961	0.6
820.212	0.58
820.463	0.63
820.714	0.51
820.964	0.53
821.215	-0.46
821.466	18.08
821.717	-8.31
821.967	-1.01
822.218	0.39
822.469	0.52
822.72	0.49
822.97	0.48
823.221	0.41
823.472	0.48
823.722	-0.55
823.973	18
824.224	-8.42
824.474	-1.13
824.725	0.19
824.975	0.31
825.226	0.25
825.477	0.29
825.727	0.29
825.978	0.32
826.229	-0.69
826.479	17.9
826.73	-8.46
826.98	-1.17
827.231	0.21
827.481	0.38
827.732	0.33
827.982	0.36
828.233	0.33
828.483	0.31
828.734	-0.66
828.984	17.9
829.235	-8.47
829.485	-1.18
829.736	0.27
829.986	0.42
830.237	0.36
830.487	0.45
830.737	0.43
830.988	0.41
831.238	-0.56
831.489	18.03
831.739	-8.33
831.989	-1.1
832.24	0.32
832.49	0.45
832.74	0.44
832.991	0.53
833.241	0.49
833.491	0.53
833.742	-0.43
833.992	18.13
834.242	-8.27
834.493	-0.97
834.743	0.49
834.993	0.53
835.243	0.47
835.494	0.47
835.744	0.39
835.994	0.39
836.244	-0.62
836.494	17.99
836.745	-8.39
836.995	-1.09
837.245	0.35
837.495	0.42
837.745	0.43
837.996	0.5
838.246	0.54
838.496	0.63
838.746	-0.38
838.996	18.17
839.246	-8.25
839.496	-0.98
839.746	0.36
839.996	0.41
840.246	0.41
840.497	0.45
840.747	0.41
840.997	0.32
841.247	-0.74
841.497	17.84
841.747	-8.55
841.997	-1.29
842.247	0.11
842.497	0.28
842.747	0.28
842.997	0.32
843.247	0.32
843.496	0.3
843.746	-0.59
843.996	18.02
844.246	-8.36
844.496	-1.05
844.746	0.36
844.996	0.48
845.246	0.45
845.496	0.46
845.746	0.44
845.995	0.47
846.245	-0.5
846.495	17.99
846.745	-8.44
846.995	-1.14
847.245	0.21
847.494	0.35
847.744	0.35
847.994	0.4
848.244	0.39
848.493	0.4
848.743	-0.62
848.993	17.96
849.243	-8.37
849.492	-1.1
849.742	0.25
849.992	0.41
850.242	0.4
850.491	0.37
850.741	0.38
850.991	0.37
851.24	-0.62
851.49	17.87
851.74	-8.5
851.989	-1.2
852.239	0.2
852.488	0.34
852.738	0.36
852.988	0.39
853.237	0.36
853.487	0.33
853.736	-0.59
853.986	17.97
854.235	-8.36
854.485	-1.1
854.735	0.28
854.984	0.46
855.234	0.46
855.483	0.41
855.733	0.4
855.982	0.46
856.232	-0.52
856.481	18.01
856.73	-8.34
856.98	-1.06
857.229	0.29
857.479	0.4
857.728	0.4
857.978	0.42
858.227	0.46
858.476	0.48
858.726	-0.53
858.975	18.05
859.225	-8.32
859.474	-1.07
859.723	0.35
859.973	0.54
860.222	0.52
860.471	0.52
860.721	0.52
860.97	0.49
861.219	-0.5
861.468	18.07
861.718	-8.34
861.967	-1.11
862.216	0.28
862.465	0.46
862.715	0.38
862.964	0.39
863.213	0.34
863.462	0.33
863.712	-0.62
863.961	17.94
864.21	-8.45
864.459	-1.18
864.708	0.3
864.957	0.4
865.207	0.32
865.456	0.38
865.705	0.39
865.954	0.47
866.203	-0.5
866.452	18.02
866.701	-8.35
866.95	-1.06
867.199	0.3
867.448	0.41
867.698	0.44
867.947	0.48
868.196	0.45
868.445	0.4
868.694	-0.62
868.943	17.94
869.192	-8.36
869.441	-1.11
869.69	0.26
869.939	0.39
870.188	0.4
870.436	0.38
870.685	0.37
870.934	0.4
871.183	-0.53
871.432	18.01
871.681	-8.3
871.93	-1.02
872.179	0.39
872.428	0.51
872.677	0.53
872.925	0.52
873.174	0.54
873.423	0.59
873.672	-0.42
873.921	18.15
874.17	-8.16
874.418	-0.96
874.667	0.44
874.916	0.54
875.165	0.58
875.413	0.61
875.662	0.59
875.911	0.61
876.16	-0.39
876.408	18.19
876.657	-8.19
876.906	-0.97
877.155	0.39
877.403	0.49
877.652	0.49
877.901	0.49
878.149	0.52
878.398	0.59
878.647	-0.4
878.895	18.15
879.144	-8.22
879.392	-0.96
879.641	0.42
879.89	0.6
880.138	0.65
880.387	0.68
880.635	0.65
880.884	0.63
881.132	-0.39
881.381	18.13
881.63	-8.24
881.878	-0.97
882.127	0.44
882.375	0.57
882.624	0.59
882.872	0.6
883.121	0.61
883.369	0.61
883.617	-0.37
883.866	18.17
884.114	-8.19
884.363	-0.96
884.611	0.47
884.86	0.62
885.108	0.65
885.356	0.65
885.605	0.55
885.853	0.6
886.102	-0.36
886.35	18.18
886.598	-8.14
886.847	-0.88
887.095	0.5
887.343	0.6
887.592	0.54
887.84	0.58
888.088	0.51
888.336	0.53
888.585	-0.52
888.833	18.07
889.081	-8.3
889.329	-1.08
889.578	0.37
889.826	0.52
890.074	0.58
890.322	0.62
890.571	0.62
890.819	0.66
891.067	-0.25
891.315	18.32
891.563	-8.03
891.811	-0.73
892.06	0.66
892.308	0.77
892.556	0.78
892.804	0.77
893.052	0.74
893.3	0.72
893.548	-0.27
893.796	18.25
894.044	-8.11
894.292	-0.85
894.54	0.56
894.788	0.71
895.036	0.72
895.284	0.74
895.533	0.69
895.781	0.7
896.028	-0.26
896.276	18.34
896.524	-7.97
896.772	-0.64
897.02	0.84
897.268	0.94
897.516	0.94
897.764	1
898.012	1
898.26	1.05
898.508	0.1
898.756	18.62
899.004	-7.76
899.252	-0.53
899.499	0.79
899.747	0.88
899.995	0.88
900.243	0.92
900.491	0.89
900.739	0.87
900.986	-0.12
901.234	18.46
901.482	-7.88
901.73	-0.64
901.978	0.8
902.225	0.97
902.473	0.93
902.721	1
902.968	1.01
903.216	1.05
903.464	0.19
903.712	18.81
903.959	-7.52
904.207	-0.25
904.455	1.22
904.702	1.39
904.95	1.41
905.198	1.49
905.445	1.49
905.693	1.53
905.941	0.55
906.188	19.06
906.436	-7.29
906.683	-0.05
906.931	1.4
907.178	1.53
907.426	1.51
907.674	1.58
907.921	1.58
908.169	1.65
908.416	0.71
908.664	19.35
908.911	-6.93
909.159	0.41
909.406	1.9
909.654	2.14
909.901	2.23
910.149	2.27
910.396	2.35
910.644	2.58
910.891	1.75
911.138	20.5
911.386	-5.69
911.633	1.9
911.881	3.8
912.128	4.49
912.375	5.16
912.623	5.98
912.87	6.78
913.117	7.44
913.365	6.95
913.612	26.02
913.859	0.25
914.107	8.3
914.354	11
914.601	13.42
914.849	19.86
915.096	33.86
915.343	66.27
915.59	119.02
915.838	203.59
916.085	336.36
916.332	457.32
916.579	642
916.827	854.42
917.074	1095.49
917.321	1376.63
917.568	1685.84
917.815	2024.85
918.062	2390.57
918.31	2774.45
918.557	3180.56
918.804	3534.92
919.051	3908.84
919.298	4267.7
919.545	4606.16
919.792	4923.9
920.039	5204.38
920.286	5459.01
920.534	5674.01
920.781	5844.69
921.028	5994.88
921.275	6055.85
921.522	6119.09
921.769	6154.77
922.016	6163.6
922.263	6148.66
922.51	6112.84
922.757	6062.13
923.004	5995.77
923.251	5916.57
923.498	5834.85
923.745	5695.72
923.992	5593.9
924.238	5486.97
924.485	5364.15
924.732	5233.08
924.979	5094.98
925.226	4950.34
925.473	4797.46
925.72	4638.66
925.967	4492.9
926.214	4300.17
926.46	4125.2
926.707	3920.45
926.954	3686.77
927.201	3433.59
927.448	3153.4
927.694	2854.74
927.941	2537.88
928.188	2212.3
928.435	1901.17
928.682	1556.28
928.928	1263.58
929.175	992.46
929.422	748.55
929.668	540.59
929.915	369.04
930.162	236.9
930.409	139.24
930.655	76.09
930.902	59.22
931.149	16.48
931.395	16.75
931.642	14.64
931.889	12.77
932.135	11.27
932.382	10.18
932.628	9.24
932.875	8.59
933.122	6.85
933.368	24.82
933.615	-2.16
933.861	4.73
934.108	5.6
934.354	5.34
934.601	4.93
934.847	4.7
935.094	4.4
935.34	4.2
935.587	2.98
935.833	21.38
936.08	-5.2
936.326	1.98
936.573	3.21
936.819	3.25
937.066	3.12
937.312	3.03
937.559	2.85
937.805	2.78
938.051	1.71
938.298	20.24
938.544	-6.17
938.791	1.06
939.037	2.31
939.283	2.37
939.53	2.27
939.776	2.23
940.022	2.17
940.269	2.18
940.515	1.15
940.761	19.59
941.007	-6.91
941.254	0.36
941.5	1.67
941.746	1.78
941.993	1.73
942.239	1.69
942.485	1.64
942.731	1.66
942.977	0.6
943.224	19.13
943.47	-7.26
943.716	0
943.962	1.3
944.208	1.51
944.455	1.51
944.701	1.51
944.947	1.52
945.193	1.6
945.439	0.51
945.685	19.09
945.931	-7.28
946.177	0.04
946.423	1.4
946.67	1.53
946.916	1.46
947.162	1.45
947.408	1.41
947.654	1.35
947.9	0.31
948.146	18.92
948.392	-7.46
948.638	-0.21
948.884	1.15
949.13	1.31
949.376	1.29
949.622	1.34
949.868	1.28
950.114	1.34
950.359	0.36
950.605	18.91
950.851	-7.47
951.097	-0.23
951.343	1.19
951.589	1.3
951.835	1.25
952.081	1.27
952.327	1.21
952.572	1.22
952.818	0.19
953.064	18.78
953.31	-7.6
953.556	-0.33
953.802	1.08
954.047	1.18
954.293	1.17
954.539	1.2
954.785	1.18
955.03	1.17
955.276	0.17
955.522	18.69
955.768	-7.71
956.013	-0.39
956.259	0.98
956.505	1.05
956.75	1.02
956.996	1.02
957.242	1.02
957.487	1.05
957.733	0.08
957.979	18.68
958.224	-7.66
958.47	-0.34
958.716	1.02
958.961	1.12
959.207	1.09
959.452	1.15
959.698	1.16
959.943	1.16
960.189	0.12
960.435	18.67
960.68	-7.71
960.926	-0.48
961.171	0.88
961.417	1
961.662	1.02
961.908	1.07
962.153	0.96
962.399	0.94
962.644	-0.01
962.89	18.58
963.135	-7.73
963.38	-0.47
963.626	0.89
963.871	0.98
964.117	0.96
964.362	0.98
964.607	0.94
964.853	1.05
965.098	0.07
965.344	18.59
965.589	-7.81
965.834	-0.62
966.08	0.76
966.325	0.93
966.57	0.94
966.815	0.95
967.061	0.96
967.306	1.02
967.551	-0.01
967.797	18.53
968.042	-7.83
968.287	-0.55
968.532	0.87
968.777	1.04
969.023	1.01
969.268	1.06
969.513	1.08
969.758	1.06
970.003	0.08
970.249	18.64
970.494	-7.66
970.739	-0.39
970.984	1
971.229	1.15
971.474	1.11
971.719	1.16
971.965	1.14
972.21	1.12
972.455	0.17
972.7	18.67
972.945	-7.67
973.19	-0.42
973.435	0.96
973.68	1.05
973.925	1.03
974.17	1.05
974.415	1.02
974.66	1.05
974.905	0.07
975.15	18.61
975.395	-7.74
975.64	-0.5
975.885	0.85
976.13	0.99
976.375	1.03
976.62	1.12
976.865	1.14
977.109	1.2
977.354	0.19
977.599	18.76
977.844	-7.55
978.089	-0.24
978.334	1.16
978.579	1.36
978.824	1.33
979.068	1.31
979.313	1.22
979.558	1.19
979.803	0.17
980.048	18.71
980.292	-7.71
980.537	-0.49
980.782	0.9
981.027	1.08
981.271	1.05
981.516	1.09
981.761	1.09
982.006	1.13
982.25	0.14
982.495	18.73
982.74	-7.67
982.984	-0.35
983.229	0.99
983.474	1.11
983.718	1.1
983.963	1.13
984.208	1.12
984.452	1.2
984.697	0.22
984.941	18.79
985.186	-7.58
985.431	-0.28
985.675	1.12
985.92	1.3
986.164	1.26
986.409	1.21
986.653	1.18
986.898	1.18
987.142	0.17
987.387	18.7
987.631	-7.67
987.876	-0.43
988.12	0.96
988.365	1.04
988.609	1.05
988.854	1.1
989.098	1.08
989.343	1.11
989.587	0.17
989.831	18.71
990.076	-7.65
990.32	-0.4
990.565	1.03
990.809	1.18
991.053	1.22
991.298	1.21
991.542	1.16
991.786	1.19
992.031	0.19
992.275	18.68
992.519	-7.71
992.764	-0.41
993.008	1.03
993.252	1.13
993.496	1.13
993.741	1.12
993.985	1.14
994.229	1.16
994.473	0.21
994.718	18.75
994.962	-7.58
995.206	-0.25
995.45	1.11
995.694	1.19
995.939	1.21
996.183	1.21
996.427	1.19
996.671	1.16
996.915	0.18
997.159	18.74
997.403	-7.6
997.647	-0.33
997.892	1.04
998.136	1.18
998.38	1.21
998.624	1.26
998.868	1.23
999.112	1.27
999.356	0.31
999.6	18.87
999.844	-7.49
1000.088	-0.21
1000.332	1.21
1000.576	1.32
1000.82	1.32
1001.064	1.37
1001.308	1.42
1001.552	1.48
1001.796	0.47
1002.04	19.02
1002.284	-7.34
1002.528	-0.06
1002.771	1.33
1003.015	1.46
1003.259	1.46
1003.503	1.49
1003.747	1.41
1003.991	1.31
1004.235	0.32
1004.479	18.87
1004.722	-7.46
1004.966	-0.18
1005.21	1.19
1005.454	1.28
1005.698	1.24
1005.941	1.22
1006.185	1.17
1006.429	1.17
1006.673	0.15
1006.916	18.66
1007.16	-7.68
1007.404	-0.43
1007.648	0.98
1007.891	1.11
1008.135	1.12
1008.379	1.19
1008.622	1.13
1008.866	1.18
1009.11	0.17
1009.353	18.79
1009.597	-7.52
1009.841	-0.23
1010.084	1.17
1010.328	1.32
1010.571	1.28
1010.815	1.29
1011.059	1.23
1011.302	1.34
1011.546	0.41
1011.789	18.97
1012.033	-7.41
1012.276	-0.17
1012.52	1.28
1012.763	1.42
1013.007	1.42
1013.25	1.52
1013.494	1.52
1013.737	1.53
1013.981	0.55
1014.224	19.07
1014.468	-7.28
1014.711	0
1014.955	1.39
1015.198	1.46
1015.441	1.46
1015.685	1.42
1015.928	1.38
1016.172	1.38
1016.415	0.38
1016.658	18.85
1016.902	-7.49
1017.145	-0.19
1017.388	1.25
1017.632	1.41
1017.875	1.38
1018.118	1.38
1018.362	1.41
1018.605	1.41
1018.848	0.41
1019.091	18.98
1019.335	-7.32
1019.578	-0.06
1019.821	1.31
1020.064	1.38
1020.308	1.31
1020.551	1.33
1020.794	1.29
1021.037	1.28
1021.28	0.27
1021.524	18.87
1021.767	-7.51
1022.01	-0.28
1022.253	1.11
1022.496	1.23
1022.739	1.23
1022.982	1.32
1023.226	1.33
1023.469	1.38
1023.712	0.38
1023.955	18.93
1024.198	-7.45
1024.441	-0.18
1024.684	1.25
1024.927	1.34
1025.17	1.41
1025.413	1.43
1025.656	1.4
1025.899	1.37
1026.142	0.35
1026.385	18.9
1026.628	-7.43
1026.871	-0.14
1027.114	1.24
1027.357	1.38
1027.6	1.43
1027.843	1.44
1028.086	1.45
1028.329	1.44
1028.571	0.49
1028.814	19.05
1029.057	-7.31
1029.3	-0.02
1029.543	1.37
1029.786	1.53
1030.029	1.5
1030.271	1.5
1030.514	1.47
1030.757	1.47
1031	0.46
1031.243	19.02
1031.485	-7.32
1031.728	-0.04
1031.971	1.33
1032.214	1.51
1032.456	1.51
1032.699	1.57
1032.942	1.53
1033.185	1.54
1033.427	0.55
1033.67	19.08
1033.913	-7.29
1034.155	-0.05
1034.398	1.35
1034.641	1.52
1034.883	1.45
1035.126	1.44
1035.369	1.4
1035.611	1.45
1035.854	0.47
1036.096	19.04
1036.339	-7.29
1036.582	-0
1036.824	1.41
1037.067	1.56
1037.309	1.51
1037.552	1.54
1037.794	1.52
1038.037	1.58
1038.279	0.55
1038.522	19.01
1038.764	-7.35
1039.007	-0.11
1039.249	1.3
1039.492	1.41
1039.734	1.32
1039.977	1.31
1040.219	1.28
1040.462	1.31
1040.704	0.27
1040.946	18.85
1041.189	-7.45
1041.431	-0.15
1041.674	1.24
1041.916	1.33
1042.158	1.35
1042.401	1.46
1042.643	1.47
1042.885	1.53
1043.128	0.56
1043.37	19.12
1043.612	-7.27
1043.855	-0.02
1044.097	1.31
1044.339	1.44
1044.581	1.43
1044.824	1.45
1045.066	1.37
1045.308	1.36
1045.55	0.34
1045.793	18.9
1046.035	-7.43
1046.277	-0.18
1046.519	1.23
1046.761	1.42
1047.003	1.47
1047.246	1.49
1047.488	1.43
1047.73	1.49
1047.972	0.48
1048.214	18.99
1048.456	-7.42
1048.698	-0.16
1048.94	1.28
1049.183	1.42
1049.425	1.34
1049.667	1.28
1049.909	1.22
1050.151	1.27
1050.393	0.26
1050.635	18.81
1050.877	-7.52
1051.119	-0.24
1051.361	1.14
1051.603	1.26
1051.845	1.23
1052.087	1.27
1052.329	1.25
1052.571	1.3
1052.813	0.28
1053.054	18.85
1053.296	-7.48
1053.538	-0.19
1053.78	1.24
1054.022	1.36
1054.264	1.36
1054.506	1.35
1054.748	1.32
1054.99	1.35
1055.231	0.36
1055.473	18.89
1055.715	-7.48
1055.957	-0.19
1056.199	1.22
1056.44	1.33
1056.682	1.24
1056.924	1.21
1057.166	1.24
1057.408	1.32
1057.649	0.34
1057.891	18.87
1058.133	-7.43
1058.374	-0.17
1058.616	1.18
1058.858	1.24
1059.1	1.22
1059.341	1.27
1059.583	1.28
1059.825	1.28
1060.066	0.28
1060.308	18.84
1060.549	-7.49
1060.791	-0.27
1061.033	1.11
1061.274	1.19
1061.516	1.17
1061.757	1.15
1061.999	1.13
1062.241	1.14
1062.482	0.13
1062.724	18.65
1062.965	-7.7
1063.207	-0.5
1063.448	0.9
1063.69	0.99
1063.931	0.99
1064.173	1.03
1064.414	1.02
1064.656	1.05
1064.897	-0
1065.139	18.59
1065.38	-7.79
1065.621	-0.59
1065.863	0.84
1066.104	0.95
1066.346	0.94
1066.587	0.99
1066.828	0.98
1067.07	1.05
1067.311	0.04
1067.552	18.63
1067.794	-7.79
1068.035	-0.49
1068.276	0.98
1068.518	1.13
1068.759	1.13
1069	1.13
1069.242	1.12
1069.483	1.15
1069.724	0.12
1069.965	18.66
1070.207	-7.7
1070.448	-0.41
1070.689	0.96
1070.93	1.05
1071.172	1
1071.413	1.04
1071.654	1.05
1071.895	1.07
1072.136	0.09
1072.377	18.66
1072.619	-7.64
1072.86	-0.4
1073.101	0.92
1073.342	1.03
1073.583	1
1073.824	1.02
1074.065	1
1074.306	1.03
1074.547	0.05
1074.788	18.58
1075.029	-7.78
1075.271	-0.54
1075.512	0.89
1075.753	1.08
1075.994	1.07
1076.235	1.08
1076.476	1.05
1076.717	1.09
1076.958	0.15
1077.199	18.68
1077.439	-7.66
1077.68	-0.37
1077.921	0.98
1078.162	1.08
1078.403	1.06
1078.644	1.06
1078.885	1.04
1079.126	1.05
1079.367	0.01
1079.608	18.46
1079.848	-7.88
1080.089	-0.62
1080.33	0.76
1080.571	0.94
1080.812	0.98
1081.053	0.96
1081.293	0.97
1081.534	0.96
1081.775	-0
1082.016	18.53
1082.257	-7.81
1082.497	-0.52
1082.738	0.81
1082.979	0.96
1083.219	0.9
1083.46	0.89
1083.701	0.89
1083.942	0.93
1084.182	-0.06
1084.423	18.46
1084.664	-7.87
1084.904	-0.58
1085.145	0.78
1085.386	0.91
1085.626	0.86
1085.867	0.89
1086.107	0.85
1086.348	0.86
1086.589	-0.15
1086.829	18.43
1087.07	-7.86
1087.31	-0.6
1087.551	0.77
1087.791	0.86
1088.032	0.81
1088.272	0.81
1088.513	0.79
1088.753	0.84
1088.994	0.81
1089.234	1.81
1089.475	-15.78
1089.715	-7.05
1089.956	-5.5
1090.196	-5.4
1090.437	-5.4
1090.677	-5.35
1090.917	-5.39
1091.158	-5.37
1091.398	-5.41
1091.639	-5.43
1091.879	-5.51
1092.119	-5.51
1092.36	-5.53
1092.6	-5.59
1092.84	-5.6
1093.081	-5.57
1093.321	-5.59
1093.561	-5.56
1093.802	-5.61
1094.042	-5.62
1094.282	-5.59
1094.522	-5.51
1094.763	-5.54
1095.003	-5.55
1095.243	-5.52
1095.483	-5.52
1095.724	-5.56
1095.964	-5.6
1096.204	-5.66
1096.444	-5.66
1096.684	-5.67
1096.925	-5.67
1097.165	-5.7
1097.405	-5.7
1097.645	-5.7
1097.885	-5.73
1098.125	-5.72
1098.365	-5.67
1098.605	-5.65
1098.846	-5.57
1099.086	-5.58
1099.326	-5.55
1099.566	-5.56
1099.806	-5.56
1100.046	-5.59
1100.286	-5.61
1100.526	-5.67
1100.766	-5.74
1101.006	-5.84
1101.246	-5.81
1101.486	-5.82
1101.726	-5.82
1101.966	-5.87
1102.206	-5.87
1102.446	-5.89
1102.686	-5.87
1102.926	-5.86
1103.166	-5.81
1103.405	-5.78
1103.645	-5.74
1103.885	-5.81
1104.125	-5.81
1104.365	-5.86
1104.605	-5.86
1104.845	-5.93
1105.085	-5.97
1105.324	-6
1105.564	-5.97
1105.804	-6.06
1106.044	-6
1106.284	-6.03
1106.523	-6.02
1106.763	-6.06
1107.003	-6.05
1107.243	-6.05
1107.482	-6.02
1107.722	-6
1107.962	-6
1108.202	-6.01
1108.441	-5.95
1108.681	-5.99
1108.921	-5.96
1109.16	-5.94
1109.4	-5.93
1109.64	-5.95
1109.879	-5.94
1110.119	-5.93
1110.359	-5.92
1110.598	-5.93
1110.838	-5.96
1111.077	-5.98
1111.317	-6
1111.557	-6.03
1111.796	-6.04
1112.036	-5.98
1112.275	-5.95
1112.515	-5.95
1112.754	-5.97
1112.994	-5.98
1113.233	-5.97
1113.473	-5.97
1113.712	-5.98
1113.952	-6
1114.191	-5.98
1114.431	-6.02
1114.67	-6.06
1114.91	-6.07
1115.149	-6.08
1115.389	-6.04
1115.628	-6.01
1115.867	-6.02
1116.107	-6
1116.346	-6
1116.585	-5.97
1116.825	-6
1117.064	-5.97
1117.304	-6
1117.543	-6.02
1117.782	-6.06
1118.021	-6.11
1118.261	-6.13
1118.5	-6.14
1118.739	-6.19
1118.979	-6.18
1119.218	-6.18
1119.457	-6.16
1119.696	-6.18
1119.936	-6.2
1120.175	-6.19
1120.414	-6.16
1120.653	-6.19
1120.893	-6.2
1121.132	-6.2
1121.371	-6.16
1121.61	-6.21
1121.849	-6.14
1122.088	-6.13
1122.328	-6.11
1122.567	-6.1
1122.806	-6.11
1123.045	-6.16
1123.284	-6.13
1123.523	-6.19
1123.762	-6.16
1124.001	-6.19
1124.24	-6.14
1124.479	-6.18
1124.718	-6.2
1124.957	-6.25
1125.196	-6.24
1125.435	-6.24
1125.674	-6.22
1125.913	-6.31
1126.152	-6.28
1126.391	-6.31
1126.63	-6.29
1126.869	-6.32
1127.108	-6.36
1127.347	-6.39
1127.586	-6.38
1127.825	-6.39
